1331673965 -3 494 225 -110 -302 973 36 -4 23 116 13 79
1331673965 0 497 230 -104 -331 971 36 5 34 120 52 103
1331673965 0 497 230 -109 -319 960 44 2 40 133 57 101
1331673965 -2 500 223 -48 -328 993 39 -3 38 124 21 115
1331673965 -14 513 224 -43 -366 1008 34 18 42 98 117 133
1331673965 -14 513 224 -78 -400 936 32 1 43 94 47 144
1331673965 -24 514 223 -25 -374 961 30 4 46 84 58 154
1331673965 -24 514 223 -25 -385 997 27 5 47 66 67 159
1331673965 -22 525 221 -34 -396 947 26 1 39 70 42 126
1331673965 -27 532 230 23 -427 930 32 -3 35 88 34 111
1331673965 -27 532 230 40 -483 924 30 13 46 93 86 161
1331673965 -31 526 216 29 -494 945 36 24 42 116 133 145
1331673965 -31 526 216 59 -503 1089 43 37 17 146 181 43
1331673965 -35 540 217 110 -462 929 50 36 23 165 183 66
1331673965 -35 540 217 83 -469 870 41 41 40 134 201 124
1331673965 -56 544 217 105 -447 823 32 29 39 91 156 126
1331673965 -57 555 209 153 -477 852 20 22 29 51 122 105
1331673965 -57 555 209 197 -484 837 18 22 35 44 120 106
1331673965 -68 563 213 269 -505 812 29 20 35 88 112 111
1331673965 -76 570 212 254 -535 793 31 3 31 93 52 92
1331673965 -67 580 212 239 -532 745 26 1 35 60 51 115
1331673965 -67 580 212 259 -555 759 26 -3 40 66 33 129
1331673966 -78 574 207 313 -548 774 27 -5 41 77 15 126
1331673966 -78 574 207 297 -556 768 27 -5 37 69 27 116
1331673966 -73 585 200 300 -508 801 24 -20 11 62 -44 24
1331673966 -73 585 200 253 -520 803 15 -57 -25 20 -183 -149
1331673966 -74 588 201 253 -520 803 13 -93 -84 8 -325 -370
1331673966 -61 568 212 355 -497 685 31 -114 -76 82 -408 -343
1331673966 -61 568 212 103 -520 528 15 -101 -27 25 -363 -141
1331673966 -45 552 223 160 -469 623 18 -105 16 43 -381 32
1331673966 -45 552 223 -2 -536 612 19 -127 64 38 -466 224
1331673966 -37 543 223 -68 -512 1014 3 -27 10 -14 -75 10
1331673966 -19 539 211 -88 -555 1333 14 -69 -91 10 -221 -398
1331673966 -19 539 211 -91 -572 869 21 -102 -43 43 -361 -214
1331673966 -5 509 215 -94 -238 819 35 -32 -40 110 -92 -204
1331673966 -5 509 215 -232 -354 976 -42 9 -143 -211 82 -609
1331673966 2 496 222 -172 -297 1380 37 -43 -17 117 -132 -104
1331673966 7 476 241 -125 61 417 24 -4 49 73 12 176
1331673966 7 476 241 -170 -324 1001 25 -13 20 64 -12 43
1331673966 -3 491 237 -114 -277 1076 32 -23 7 89 -50 3
1331673966 -3 491 237 -122 -208 929 30 -18 24 83 -31 60
1331673966 4 481 231 -109 -263 1037 28 -19 13 89 -44 18
1331673966 0 485 230 -117 -241 994 34 -23 20 92 -42 34
1331673966 -5 477 232 -117 -241 994 32 -20 18 94 -40 33
1331673966 -5 477 232 -113 -245 1008 33 -23 18 89 -45 28
1331673966 -1 484 231 -118 -243 1001 27 -16 15 83 -32 28
1331673967 -1 484 231 -112 -248 1008 31 -20 19 89 -42 31
1331673967 3 482 234 -112 -248 1008 32 -20 18 91 -42 29
1331673967 3 482 234 -118 -252 1006 33 -22 16 89 -42 30
1331673967 -4 478 236 -116 -245 1005 32 -21 17 92 -40 32
1331673967 4 482 232 -119 -243 1006 33 -23 17 89 -40 32
1331673967 4 482 232 -111 -243 1006 28 -18 14 95 -43 33
1331673967 4 482 235 -121 -246 1001 33 -24 17 86 -42 28
1331673967 4 482 235 -116 -241 995 32 -22 19 85 -42 31
1331673967 -4 484 233 -112 -243 1006 31 -20 18 90 -37 29
1331673967 4 479 242 -111 -247 1013 31 -19 19 89 -37 31
1331673967 1 480 235 -120 -248 1009 28 -19 15 89 -42 35
1331673967 1 480 235 -116 -247 1004 31 -21 19 87 -43 35
1331673967 3 483 225 -117 -247 998 31 -19 18 87 -34 35
1331673967 3 483 226 -117 -248 1004 28 -18 20 84 -39 35
1331673967 3 483 226 -116 -246 1000 32 -22 19 88 -42 32
1331673967 3 483 226 -117 -244 1004 32 -20 15 88 -36 33
1331673967 -5 488 231 -110 -247 1004 31 -20 16 86 -38 31
1331673967 -7 480 227 -114 -244 1005 30 -19 16 86 -40 29
1331673967 1 482 233 -118 -245 1003 28 -19 15 85 -40 29
1331673967 1 482 233 -112 -244 1006 29 -18 16 82 -33 29
1331673967 -11 471 235 -113 -242 1004 31 -21 16 88 -43 31
1331673967 -11 471 235 -113 -244 1000 31 -21 15 97 -45 36
1331673967 0 482 227 -116 -248 1015 31 -19 14 97 -45 37
1331673967 0 482 227 -112 -245 1009 32 -23 15 88 -44 25
1331673967 -2 485 233 -120 -244 1006 32 -20 13 90 -44 35
1331673968 0 482 242 -119 -248 998 32 -20 15 100 -46 32
1331673968 0 482 242 -112 -246 998 30 -19 18 87 -39 33
1331673968 1 484 234 -112 -244 997 28 -18 14 91 -40 32
1331673968 3 482 226 -112 -244 998 31 -21 19 88 -42 31
1331673968 3 482 226 -111 -245 1002 34 -22 17 94 -45 32
1331673968 5 477 240 -112 -245 1006 29 -18 13 93 -39 30
1331673968 5 477 240 -110 -243 1005 31 -22 18 88 -45 30
1331673968 -2 488 229 -110 -243 1005 31 -19 13 91 -41 30
1331673968 -2 488 229 -116 -245 1000 34 -23 17 94 -45 34
1331673968 6 483 236 -116 -247 1001 33 -23 21 93 -45 37
1331673968 4 484 234 -112 -245 1000 40 -72 -40 135 -251 -198
1331673968 4 484 234 -234 -351 709 44 8 53 134 77 180
1331673968 2 481 228 -234 -351 709 86 -57 48 310 -187 162
1331673968 2 481 228 -177 -492 1184 93 -100 26 338 -354 68
1331673968 6 497 224 -205 -296 720 91 -73 52 348 -262 190
1331673968 16 502 206 -573 -736 986 67 68 134 239 302 528
1331673968 16 502 206 -573 -736 986 68 227 233 251 933 948
1331673968 -4 535 199 198 -704 1103 153 25 234 601 124 960
1331673968 -40 595 177 -83 -1015 2044 104 183 201 394 755 814
1331673968 -40 595 177 53 -1007 1349 64 219 121 234 895 478
1331673968 -71 640 147 172 -740 720 80 162 77 293 681 281
1331673968 -71 640 147 236 -699 982 80 114 21 288 493 37
1331673968 -91 655 140 274 -593 827 92 127 -43 333 543 -212
1331673968 -116 661 164 287 -237 767 105 76 -151 373 350 -649
1331673969 -116 661 164 167 -350 702 61 9 -216 183 104 -908
1331673969 -135 634 222 64 -393 713 -44 -121 -332 -199 -455 -1438
1331673969 -93 536 305 425 -555 406 -59 -85 -327 -262 -304 -1423
1331673969 -93 536 305 370 -600 463 -113 -91 -322 -463 -342 -1365
1331673969 -67 426 336 113 -888 274 -151 -174 -162 -656 -638 -697
1331673969 -67 426 336 1940 207 -50 120 -92 2 445 -323 -33
1331673969 -46 374 331 734 -30 417 178 1 95 690 34 376
1331673969 -25 394 326 -201 20 2044 60 -241 -151 203 -915 -649
1331673969 -25 394 326 -42 -89 901 67 -165 -109 227 -607 -474
1331673969 -4 358 323 531 94 817 131 -204 -34 480 -761 -191
1331673969 -4 358 323 135 -64 1000 82 -279 0 298 -1074 -40
1331673969 47 358 298 10 23 784 133 -178 63 506 -671 228
1331673969 86 378 274 -152 -85 878 125 -69 59 465 -235 219
1331673969 86 378 274 -417 -142 1145 91 -21 60 337 -45 218
1331673969 67 428 257 -299 -68 1298 52 38 38 166 199 117
1331673969 67 428 257 -291 -29 1221 24 57 30 68 260 107
1331673969 54 434 267 -231 -15 1173 9 39 21 -2 197 45
1331673969 46 435 276 -151 37 1024 22 2 24 48 54 59
1331673969 46 435 276 -146 38 979 55 35 21 191 169 64
1331673969 39 432 280 -166 -10 987 32 -18 20 92 -33 43
1331673969 39 432 280 -227 -47 1045 27 -44 23 63 -124 48
1331673969 32 437 280 -125 9 1045 27 -34 18 72 -95 36
1331673969 42 436 277 -145 21 1042 28 -26 18 76 -59 30
1331673969 42 436 277 -145 21 1042 25 -28 13 74 -82 39
1331673969 35 435 270 -156 2 1021 24 -49 24 61 -153 52
1331673970 35 435 270 -171 -9 1037 25 -55 22 70 -180 49
1331673970 39 435 253 -206 -9 1060 30 -50 14 86 -160 17
1331673970 54 430 249 -232 -23 1029 33 -43 20 89 -122 36
1331673970 54 430 249 -273 -16 1001 22 2 22 66 38 72
1331673970 60 431 259 -273 -16 1001 19 74 26 35 339 70
1331673970 38 423 289 -627 -140 2044 -30 591 -152 -164 2229 -639
1331673970 38 423 289 -357 -169 1225 7 614 -133 -7 2228 -556
1331673970 -121 352 353 49 -88 934 34 345 -111 90 1435 -474
1331673970 -121 352 353 552 38 -239 59 -132 40 200 -485 130
1331673970 -223 319 334 600 -15 -1239 23 -299 125 71 -1163 485
1331673970 -151 346 352 415 59 170 0 -405 104 -32 -1589 394
1331673970 -151 346 352 210 161 949 15 -375 78 33 -1465 306
1331673970 -42 388 343 109 55 1021 29 -295 43 80 -1143 155
1331673970 -42 388 343 -90 33 1263 32 -161 34 93 -602 92
1331673970 24 404 317 -131 47 1257 37 -82 13 122 -296 34
1331673970 24 404 317 -127 59 1204 39 -55 7 120 -174 -14
1331673970 48 425 295 -145 40 1085 35 -38 8 110 -115 2
1331673970 49 424 290 -158 30 1073 27 -36 22 72 -100 63
1331673970 54 432 294 -155 31 1092 37 -22 27 108 -41 68
1331673970 54 432 294 -163 8 1049 33 -19 25 90 -33 58
1331673970 53 433 292 -178 10 953 27 -38 29 79 -117 94
1331673970 49 434 280 -194 -12 1069 31 -29 15 86 -75 42
1331673970 49 434 280 -201 -2 1036 30 -25 13 83 -59 14
1331673970 55 439 280 -193 18 1057 33 -13 16 96 -7 32
1331673971 55 439 280 -223 29 1044 30 -14 22 91 -17 69
1331673971 47 436 280 -223 29 1044 39 7 24 127 62 78
1331673971 41 445 297 -186 -30 1121 69 -1 68 241 37 242
1331673971 41 445 297 -230 17 1022 118 -20 69 443 -44 264
1331673971 50 465 300 -230 17 1022 228 -28 41 888 -76 133
1331673971 50 465 300 -212 -74 1222 230 49 -21 876 252 -137
1331673971 35 496 303 -271 -107 1190 137 57 -26 517 261 -128
1331673971 35 496 303 -24 52 907 5 44 11 0 204 17
1331673971 22 488 322 96 -61 928 41 14 -7 117 105 -74
1331673971 12 476 328 24 109 633 55 1 5 184 45 -21
1331673971 12 476 328 41 1 1271 26 -15 0 62 -13 -45
1331673971 0 478 330 46 -34 989 -20 -65 -42 -113 -223 -199
1331673971 0 478 330 9 -197 726 -30 -170 8 -155 -638 -16
1331673971 26 446 326 191 -137 916 -87 -123 27 -309 -552 89
1331673971 55 437 304 191 -137 916 -44 -8 48 -194 -4 180
1331673971 55 437 304 -139 -88 1118 -4 24 72 -54 132 264
1331673971 40 449 310 -117 -51 1047 -10 40 53 -67 190 189
1331673971 40 449 310 -197 -135 1398 -9 10 32 -67 70 117
1331673971 32 446 314 -141 -61 1072 -8 11 19 -76 88 33
1331673971 32 446 314 -60 -13 1176 6 -1 -11 -21 46 -88
1331673971 29 457 316 16 1 925 7 -45 -33 -10 -132 -181
1331673971 36 435 310 -97 -69 978 15 -46 -34 11 -131 -178
1331673971 36 435 310 -134 -97 905 11 -64 12 5 -207 3
1331673971 50 422 304 -122 45 1053 10 -31 24 15 -92 57
1331673971 64 419 294 -162 38 981 21 -20 31 53 -42 89
1331673972 55 418 291 -167 -18 1067 26 -12 17 72 -10 44
1331673972 55 418 291 -167 -18 1067 26 -20 10 73 -41 2
1331673972 56 419 294 -133 -12 981 32 -32 19 84 -79 39
1331673972 56 419 294 -148 -34 1024 34 -10 9 109 -10 15
1331673972 53 410 295 -151 31 1060 39 -11 5 117 -2 -24
1331673972 53 410 295 -141 14 1017 44 -7 4 139 13 -32
1331673972 52 416 306 -135 -5 1019 46 -27 5 146 -67 -7
1331673972 48 415 298 -141 -29 964 35 -54 22 115 -184 67
1331673972 48 415 298 -136 -3 968 37 -70 37 106 -227 108
1331673972 56 419 300 -179 5 1038 31 -48 32 83 -147 96
1331673972 66 414 288 -211 -13 1117 28 -7 21 80 5 68
1331673972 66 414 288 -206 -14 1100 31 9 14 90 76 19
1331673972 57 430 299 -191 -20 1051 31 -5 21 82 29 40
1331673972 57 430 299 -162 -20 1000 30 -29 16 90 -79 43
1331673972 56 422 301 -162 -29 1014 29 -35 13 85 -100 17
1331673972 56 422 301 -169 -28 1021 34 -29 9 96 -68 7
1331673972 65 424 302 -177 -13 1023 35 -20 9 106 -39 14
1331673972 64 428 298 -177 -13 1023 30 -7 23 95 11 59
1331673972 64 428 298 -204 -42 1140 27 90 -14 65 401 -104
1331673972 58 415 301 -238 16 1668 26 292 -46 55 1215 -226
1331673972 58 415 301 -252 40 1673 22 349 -75 50 1436 -325
1331673972 -1 394 336 -95 -62 1264 43 346 -62 130 1441 -272
1331673972 -99 360 356 96 135 870 40 233 -30 119 967 -161
1331673972 -99 360 356 483 154 71 24 -100 -17 66 -359 -110
1331673973 -171 341 358 984 191 -749 37 -457 80 113 -1761 289
1331673973 -85 352 363 -211 112 133 -8 -352 115 -61 -1377 436
1331673973 -85 352 363 -211 112 133 51 -549 72 168 -1764 263
1331673973 51 389 321 -597 -13 1113 59 -219 128 201 -835 494
1331673973 81 441 298 -658 94 2044 33 299 -45 101 1229 -215
1331673973 81 441 298 -783 -195 2044 9 465 -109 -10 1953 -468
1331673973 -3 386 342 -242 -3 1289 12 451 -122 7 1883 -522
1331673973 -3 386 342 14 25 609 55 347 -41 188 1419 -196
1331673973 -113 318 366 386 140 -54 35 174 -27 105 725 -130
1331673973 -188 303 347 463 108 -54 40 -74 -15 121 -250 -110
1331673973 -188 303 347 656 131 -536 62 -303 4 209 -1161 -16
1331673973 -153 292 359 129 105 -185 94 -508 24 339 -1763 55
1331673973 -153 292 359 -126 117 -211 96 -646 195 371 -1761 794
1331673973 2 321 346 -940 11 1404 115 -511 190 437 -1760 761
1331673973 2 321 346 -940 11 1404 60 -110 41 205 -398 123
1331673973 81 438 328 -853 -40 2044 -16 379 -44 -89 1546 -206
1331673973 34 449 335 -845 31 1885 -31 484 -85 -167 2018 -371
1331673973 34 449 335 -522 17 1380 -40 522 -39 -194 2147 -196
1331673973 -32 353 359 -72 132 985 -62 450 -51 -279 1875 -242
1331673973 -166 326 361 232 40 153 31 204 -39 80 857 -201
1331673973 -166 326 361 232 40 153 65 93 -75 216 414 -325
1331673973 -224 285 332 592 -28 -636 98 -284 -32 361 -1101 -165
1331673973 -224 285 332 421 39 -581 128 -527 42 472 -1766 130
1331673973 -147 275 352 -160 141 -683 74 -863 223 268 -1757 898
1331673973 34 335 342 -788 -33 1226 126 -606 176 481 -1746 693
1331673974 34 335 342 -870 -149 1646 85 -203 108 310 -766 415
1331673974 78 510 356 -859 205 2044 -1 189 -6 -39 789 -65
1331673974 78 510 356 -802 -43 2044 -20 438 -33 -112 1812 -169
1331673974 29 487 375 -528 -23 1681 -7 586 -73 -66 2232 -316
1331673974 -62 357 372 -204 100 713 8 527 -55 8 2154 -250
1331673974 -62 357 372 -160 32 331 28 393 -78 78 1622 -328
1331673974 -201 317 349 -59 -10 257 72 0 -69 236 59 -311
1331673974 -229 287 339 433 -84 -743 95 -191 -23 333 -708 -137
1331673974 -229 287 339 330 46 -764 103 -511 40 385 -1765 125
1331673974 -113 287 359 -236 280 -416 118 -816 172 451 -1718 689
1331673974 -113 287 359 -236 280 -416 53 -707 184 184 -1763 732
1331673974 54 370 351 -1030 -215 2044 67 -264 82 253 -1024 311
1331673974 41 554 401 -693 157 2044 22 228 -8 49 949 -79
1331673974 41 554 401 -775 -11 2044 -18 496 -15 -96 2052 -99
1331673974 6 401 368 -733 -12 2037 -14 569 -30 -90 2245 -156
1331673974 6 401 368 -300 74 1379 15 523 -21 19 2136 -141
1331673974 -135 338 369 -300 74 1379 43 276 -20 142 1135 -102
1331673974 -223 332 343 514 29 -539 69 9 -18 241 73 -115
1331673974 -223 332 343 481 -26 -794 84 -294 0 299 -1130 -37
1331673974 -191 306 355 325 43 -569 84 -572 42 299 -1763 131
1331673974 -191 306 355 -937 -65 327 77 -710 147 289 -1762 575
1331673974 -32 340 365 -1245 7 949 31 -631 156 93 -1762 614
1331673974 79 498 369 -1009 -356 2044 39 -74 37 131 -260 125
1331673974 79 498 369 -784 95 2044 21 430 -50 40 1797 -252
1331673974 26 462 369 -892 -43 2044 15 505 -48 21 2097 -221
1331673975 26 462 369 -394 14 1326 24 506 -47 63 2091 -232
1331673975 -61 356 364 -58 19 481 30 379 -48 82 1568 -247
1331673975 -61 356 364 -58 19 481 51 171 -49 163 724 -247
1331673975 -175 325 359 515 -51 -1016 56 -67 -68 179 -218 -292
1331673975 -197 291 346 378 -14 -529 72 -359 -36 254 -1394 -191
1331673975 -95 286 357 316 58 -569 92 -505 36 330 -1767 109
1331673975 -95 286 357 -568 254 291 132 -764 179 507 -1763 729
1331673975 50 351 348 -939 -125 2044 102 -379 177 382 -1479 704
1331673975 50 351 348 -789 58 2044 59 124 -3 184 546 -56
1331673975 53 502 380 -691 43 2044 -13 487 -16 -85 2016 -79
1331673975 -7 381 363 -286 85 1644 6 556 -63 -20 2203 -276
1331673975 -7 381 363 -256 97 1126 21 529 -31 42 2157 -175
1331673975 -150 330 359 -80 43 325 54 236 -50 187 969 -226
1331673975 -150 330 359 516 -83 -476 36 29 -99 98 172 -423
1331673975 -229 288 338 295 36 -740 115 -346 -8 421 -1339 -74
1331673975 -167 273 343 120 58 -839 212 -482 113 827 -1763 432
1331673975 -167 273 343 -690 228 349 75 -785 210 275 -1786 849
1331673975 -5 326 352 -880 -133 2044 91 -422 184 337 -1664 745
1331673975 -5 326 352 -761 63 2044 55 142 45 193 603 148
1331673975 61 497 363 -761 63 2044 -4 449 24 -50 1863 51
1331673975 -9 428 379 -429 4 1891 4 484 -4 -28 2024 -49
1331673975 -9 428 379 139 75 1024 36 449 -39 114 1870 -201
1331673975 -109 366 373 28 -44 645 52 387 -67 168 1609 -293
1331673975 -109 366 373 78 40 8 85 23 -106 314 125 -440
1331673976 -207 324 350 259 -213 -444 75 -203 -34 256 -761 -192
1331673976 -198 279 344 218 51 -716 86 -505 34 309 -1765 116
1331673976 -66 297 358 10 118 -880 -29 -488 148 -148 -1756 584
1331673976 -66 297 358 -561 386 1452 41 -457 199 139 -1759 799
1331673976 40 424 365 -398 -145 2044 40 63 95 136 280 360
1331673976 40 424 365 -217 51 2044 39 284 16 114 1174 30
1331673976 -6 452 376 -197 -113 2044 36 490 -54 110 2034 -252
1331673976 -99 360 367 -32 -25 1299 63 468 -95 214 1961 -410
1331673976 -99 360 367 38 -22 164 72 202 -76 249 848 -335
1331673976 -201 320 351 254 6 -150 60 0 -78 212 37 -325
1331673976 -201 320 351 254 6 -150 72 -208 -37 252 -784 -202
1331673976 -190 291 344 224 135 -732 65 -497 65 217 -1766 225
1331673976 -69 307 364 -608 27 221 -18 -435 169 -91 -1708 679
1331673976 -69 307 364 -582 71 1443 52 -492 158 178 -1760 627
1331673976 42 410 368 -456 -25 2044 37 -58 20 113 -193 48
1331673976 42 410 368 -297 265 2044 2 313 -1 -15 1275 -36
1331673976 13 436 376 -320 122 2044 15 495 -23 29 2051 -110
1331673976 -84 364 382 45 16 1072 25 495 -33 61 2053 -164
1331673976 -84 364 382 49 33 770 40 407 -33 124 1693 -182
1331673976 -206 324 351 106 18 159 59 109 -67 196 478 -279
1331673976 -206 324 351 426 -21 -672 119 3 -65 430 66 -288
1331673976 -253 291 324 284 -46 -886 106 -255 -60 382 -966 -269
1331673976 -253 291 324 241 -1 -995 108 -544 42 390 -1769 150
1331673976 -188 263 347 -665 273 82 -47 -583 223 -206 -1760 913
1331673976 -14 328 364 -1006 141 1594 57 -507 155 192 -1763 608
1331673977 -14 328 364 -406 291 2044 54 -6 46 179 16 160
1331673977 45 444 383 -409 171 2044 25 206 16 82 844 35
1331673977 45 444 383 -231 84 1616 28 124 7 74 534 -12
1331673977 0 415 392 74 52 897 30 24 8 83 134 2
1331673977 0 415 392 71 35 733 20 3 6 55 42 4
1331673977 -6 374 384 76 62 823 35 -25 15 92 -46 15
1331673977 4 369 373 71 58 839 27 -36 12 83 -112 25
1331673977 4 369 373 58 87 899 29 -53 24 83 -173 52
1331673977 1 372 371 22 87 1032 33 -48 24 91 -144 61
1331673977 11 371 370 21 91 1092 29 -17 25 87 -34 72
1331673977 11 371 370 24 95 1115 29 -8 22 79 12 52
1331673977 9 386 371 54 79 1019 24 -16 22 73 -32 60
1331673977 2 380 367 51 86 1017 29 -24 19 71 -44 42
1331673977 2 380 367 45 69 1037 27 -25 12 67 -54 19
1331673977 14 388 372 44 72 1010 21 -26 14 54 -62 24
1331673977 15 382 374 30 72 1040 23 -26 17 55 -62 27
1331673977 15 382 374 26 81 1021 24 -21 16 68 -47 42
1331673977 11 383 376 30 75 1012 25 -20 20 68 -40 57
1331673977 11 383 376 24 55 1029 21 -23 21 49 -52 51
1331673977 11 387 376 28 61 1024 23 -25 24 52 -54 55
1331673977 13 392 370 35 58 1035 24 -25 15 68 -62 39
1331673977 13 392 370 39 53 1030 23 -20 19 68 -48 38
1331673977 19 392 373 39 53 1030 28 -24 15 70 -52 25
1331673977 19 392 373 34 51 1041 28 -23 16 77 -49 27
1331673978 17 384 374 57 50 1035 37 -20 13 111 -35 29
1331673978 12 386 374 70 33 1030 54 -19 22 178 -36 50
1331673978 12 386 374 106 19 1024 89 -15 18 321 -17 28
1331673978 8 393 369 260 -53 1131 157 -12 -4 593 -5 -48
1331673978 8 393 369 376 -45 1064 276 5 9 1078 62 -3
1331673978 10 394 337 403 -230 921 387 -17 32 1527 -30 100
1331673978 10 394 337 44 -83 1004 378 -45 6 1502 -147 -7
1331673978 6 434 315 -166 -141 937 308 -40 18 1211 -121 37
1331673978 -3 471 302 -466 169 1007 185 -23 19 708 -49 39
1331673978 -3 471 302 -629 329 1022 -68 -29 14 -300 -80 18
1331673978 -7 486 284 -857 304 907 -310 -8 59 -1288 14 208
1331673978 -7 486 284 -877 391 1109 -481 -59 49 -2019 -194 161
1331673978 8 461 291 -647 -518 876 -490 -79 76 -2061 -267 283
1331673978 33 404 309 -159 -464 1022 -340 -66 70 -1407 -223 256
1331673978 33 404 309 332 -190 1235 -176 -30 79 -722 -90 309
1331673978 60 403 354 726 -182 1357 17 4 61 28 60 213
1331673978 60 403 354 716 -253 1444 164 15 -7 623 104 -66
1331673978 82 414 381 671 -530 1137 387 -3 -8 1531 21 -66
1331673978 37 428 360 101 -588 1252 534 -31 -43 1765 -83 -211
1331673978 37 428 360 101 -588 1252 478 -40 -87 1766 -107 -380
1331673978 28 447 306 -266 -366 816 360 22 14 1407 140 15
1331673978 5 484 293 -552 -9 669 209 16 72 818 93 273
1331673978 5 484 293 -728 320 959 -111 -1 103 -478 35 398
1331673978 -3 506 285 -728 320 959 -391 33 75 -1627 169 277
1331673978 -3 506 285 -888 -7 960 -549 -16 72 -2203 -15 261
1331673979 15 474 301 -633 -1053 897 -437 -26 53 -1812 -74 196
1331673979 44 452 333 -136 -703 1130 -235 -1 11 -977 39 10
1331673979 44 452 333 812 -420 1149 20 -5 32 48 22 93
1331673979 89 429 343 812 -420 1149 288 17 -67 1117 117 -295
1331673979 89 429 343 841 -427 1344 486 38 -81 1769 200 -335
1331673979 40 421 340 389 -789 971 557 44 -106 1768 225 -451
1331673979 12 441 310 -1030 -670 872 440 38 -17 1734 205 -120
1331673979 12 441 310 -1030 -670 872 301 -11 59 1178 -6 217
1331673979 -21 494 305 -645 795 971 -41 -73 107 -184 -265 413
1331673979 -21 494 305 -894 825 1027 -292 -51 92 -1204 -158 348
1331673979 2 505 289 -676 -178 1215 -497 -26 81 -2085 -58 308
1331673979 32 461 297 -694 -894 1334 -474 43 9 -1981 209 -2
1331673979 32 461 297 -694 -894 1334 -379 25 -12 -1583 151 -92
1331673979 54 401 358 445 -478 805 -190 -96 13 -801 -336 13
1331673979 54 401 358 775 -536 990 59 -65 62 200 -218 221
1331673979 93 357 359 1096 -368 1348 306 37 -20 1190 199 -122
1331673979 54 388 351 452 -772 1076 473 86 -59 1723 391 -268
1331673979 54 388 351 107 -758 1185 523 89 -85 1764 402 -357
1331673979 17 430 316 -608 -426 765 424 23 -63 1683 137 -276
1331673979 17 430 316 -415 -91 617 266 -30 38 1039 -81 121
1331673979 2 456 316 -645 387 711 23 -25 103 75 -74 404
1331673979 2 456 316 -720 389 1080 -308 3 94 -1264 44 364
1331673979 -5 472 301 -522 -324 1117 -509 -16 50 -2120 -21 163
1331673979 10 440 321 -356 -800 1087 -464 -23 26 -1953 -48 67
1331673979 10 440 321 -168 -702 968 -333 -81 62 -1365 -287 217
1331673980 43 405 360 -168 -702 968 -94 -90 71 -407 -317 251
1331673980 43 405 360 1304 -337 1455 143 -2 12 544 29 9
1331673980 80 382 352 950 -467 1465 429 78 -88 1691 373 -382
1331673980 34 386 355 220 -861 1049 593 27 -122 1768 161 -526
1331673980 34 386 355 -442 -738 877 525 2 -103 1768 55 -449
1331673980 8 399 330 -455 -698 614 427 -20 6 1698 -37 -4
1331673980 8 399 330 -620 -155 465 198 -47 56 772 -153 205
1331673980 -3 448 320 -685 735 667 -249 -83 142 -1035 -288 555
1331673980 19 459 297 -685 735 667 -444 -10 167 -1847 -10 680
1331673980 39 443 308 -788 -396 1219 -481 2 135 -1994 37 541
1331673980 39 443 308 -558 -935 1219 -410 65 34 -1713 301 109
1331673980 56 406 357 677 -391 867 -227 7 32 -953 73 88
1331673980 56 406 357 677 -391 867 10 -58 33 1 -186 104
1331673980 76 374 361 1260 -577 1488 336 24 -79 1311 144 -340
1331673980 42 381 355 552 -772 1248 550 69 -135 1771 336 -585
1331673980 42 381 355 -407 -737 873 549 64 -124 1729 312 -521
1331673980 21 399 320 -692 -540 310 412 23 11 1640 124 27
1331673980 21 399 320 -692 -543 73 132 -67 79 495 -225 290
1331673980 -1 439 314 -641 494 937 -227 -42 92 -943 -122 347
1331673980 25 449 303 -843 131 855 -479 -40 119 -2002 -125 476
1331673980 25 449 303 -593 -695 1025 -445 -70 104 -1866 -238 406
1331673980 54 399 320 -402 -742 1101 -360 -73 83 -1493 -253 313
1331673980 54 399 320 291 -342 1179 -117 -57 63 -507 -186 222
1331673980 85 381 343 1454 -491 1745 190 44 2 736 209 -8
1331673981 74 389 345 1454 -491 1745 420 115 -45 1663 510 -216
1331673981 74 389 345 221 -814 1159 607 136 -90 1770 602 -397
1331673981 22 399 327 -960 -434 961 502 65 -12 1767 305 -91
1331673981 -10 449 323 -697 -501 108 353 8 102 1394 70 388
1331673981 -10 449 323 -464 314 813 -74 -63 104 -320 -216 400
1331673981 -15 479 308 -583 457 1031 -402 -96 97 -1670 -342 359
1331673981 -15 479 308 -583 457 1031 -507 -151 85 -2120 -555 314
1331673981 31 466 303 -333 -851 1205 -399 -54 65 -1660 -176 230
1331673981 75 428 336 332 -224 1339 -206 -14 16 -855 -17 25
1331673981 75 428 336 702 -366 1323 15 -14 20 27 -16 44
1331673981 94 395 338 1351 -502 1513 325 89 -39 1266 410 -204
1331673981 50 395 340 366 -564 1286 500 101 -107 1770 457 -459
1331673981 50 395 340 131 -760 968 550 99 -72 1764 449 -318
1331673981 11 436 323 -660 -397 483 443 62 18 1749 294 39
1331673981 11 436 323 -610 -251 403 206 33 75 787 180 278
1331673981 -31 481 313 -513 593 985 -242 -50 30 -1006 -156 81
1331673981 -31 481 313 -662 279 752 -482 -171 53 -2026 -639 200
1331673981 -14 463 315 -706 -298 1021 -479 -249 41 -2012 -951 135
1331673981 55 406 323 -7 -719 1268 -274 -139 60 -1139 -509 205
1331673981 55 406 323 243 -274 1517 -30 23 24 -149 127 83
1331673981 86 379 337 775 -104 1307 112 70 -6 423 319 -61
1331673981 59 366 349 359 -285 1092 198 42 -64 745 222 -285
1331673981 59 366 349 -92 -331 885 145 -15 -33 542 -18 -181
1331673981 49 368 339 -369 -175 882 81 -78 -17 285 -269 -109
1331673981 49 368 339 -171 -135 1040 36 -76 2 116 -267 -35
1331673982 70 369 330 -170 83 1024 32 -37 10 101 -111 5
1331673982 70 369 330 -119 35 1051 47 -14 18 149 -9 26
1331673982 81 368 323 -206 209 1068 58 -32 1 193 -86 -26
1331673982 69 374 324 -49 -37 805 34 -32 32 117 -98 102
1331673982 69 374 324 -154 94 1073 39 -35 10 114 -93 7
1331673982 76 372 319 -142 -15 1036 38 -4 16 115 22 27
1331673982 76 372 319 -123 27 1077 42 19 14 131 113 29
1331673982 68 374 331 -139 25 1120 34 24 10 99 139 1
1331673982 56 380 333 -98 -17 990 33 12 18 98 88 34
1331673982 56 380 333 -77 -7 949 36 -13 34 110 -12 109
1331673982 51 375 333 -61 -14 1003 30 -18 34 89 -40 126
1331673982 46 383 329 -60 9 1010 27 -8 27 79 7 66
1331673982 46 383 329 -30 0 997 43 -15 27 134 -12 65
1331673982 47 392 339 -46 -12 1044 39 -17 22 120 -24 55
1331673982 47 392 339 -62 -10 1043 37 -16 15 120 -29 41
1331673982 41 396 340 -59 -40 1050 35 -12 20 113 -15 66
1331673982 31 401 340 -52 -32 1045 33 -10 24 97 1 61
1331673982 31 401 340 -38 -41 1044 34 -14 17 103 -18 50
1331673982 34 402 347 -15 -55 1005 34 -18 28 109 -36 86
1331673982 34 402 347 -26 -42 1041 35 -12 29 112 -17 85
1331673982 33 407 347 -22 -71 1044 38 -9 29 124 1 93
1331673982 28 419 343 -33 -61 1085 37 -13 21 110 -10 51
1331673982 28 419 343 -21 -75 1132 32 -17 2 89 -24 -29
1331673982 26 414 344 -19 -74 1189 23 -41 -51 52 -119 -248
1331673982 26 414 344 -77 -71 1325 1 -89 -163 -33 -313 -690
1331673983 41 385 336 -55 -162 1764 -25 -125 -327 -120 -471 -1418
1331673983 81 268 287 -211 -119 1565 -48 -134 -516 -234 -486 -2133
1331673983 81 268 287 -377 -49 913 -43 -105 -521 -208 -381 -2143
1331673983 103 130 149 -133 272 147 -9 -7 -241 -96 37 -1022
1331673983 103 130 149 244 782 -262 22 6 -6 49 67 -66
1331673983 96 92 59 329 980 -591 33 27 240 110 133 984
1331673983 88 102 95 196 1036 -524 68 25 456 277 105 1722
1331673983 88 102 95 48 111 -5 167 36 643 680 143 1722
1331673983 91 186 228 184 -1093 738 253 102 606 1016 413 1686
1331673983 91 186 228 184 -1093 738 190 157 595 761 637 1723
1331673983 53 424 303 -314 -616 2044 138 107 365 548 438 1532
1331673983 -20 588 230 118 -775 2005 94 78 174 352 339 693
1331673983 -20 588 230 402 -540 2010 -4 -82 -213 -74 -264 -915
1331673983 -39 613 222 66 -815 1755 -112 -174 -464 -487 -651 -1979
1331673983 -39 613 222 -90 -920 1559 -200 -220 -616 -839 -828 -2188
1331673983 35 458 308 -319 -687 1108 -193 -169 -627 -818 -624 -2199
1331673983 96 212 236 379 -550 -104 -86 -130 -447 -370 -482 -1938
1331673983 96 212 236 660 568 -385 33 -45 -126 90 -132 -523
1331673983 94 118 126 778 936 -554 101 17 254 395 85 1039
1331673983 94 118 126 606 831 -503 114 20 555 460 87 1724
1331673983 103 159 181 -62 -910 1001 256 157 676 1037 632 1723
1331673983 67 368 304 -876 -1058 1688 171 200 527 699 793 1719
1331673983 67 368 304 -445 -171 2041 133 170 327 529 685 1377
1331673983 -15 560 269 385 -705 1875 130 78 94 501 335 361
1331673984 -55 606 252 674 -832 1718 104 -44 -115 373 -130 -498
1331673984 -55 606 252 200 -382 1520 -49 -187 -378 -215 -719 -1663
1331673984 -21 515 310 151 -697 1465 -156 -285 -582 -671 -1091 -2177
1331673984 -21 515 310 -461 -756 1179 -188 -292 -625 -784 -1125 -2183
1331673984 77 286 284 -359 -325 451 -74 -190 -399 -326 -715 -1732
1331673984 77 286 284 -359 -325 451 -27 -87 -206 -165 -285 -880
1331673984 97 140 164 644 962 -313 67 58 239 245 261 974
1331673984 95 152 191 602 748 -251 118 130 580 479 516 1720
1331673984 95 152 191 602 748 -251 202 202 698 816 804 1725
1331673984 70 335 306 -637 -1191 1277 176 128 526 703 518 1683
1331673984 -25 548 278 -18 -337 2044 98 18 206 377 98 835
1331673984 -25 548 278 352 -644 1872 50 -53 -43 158 -166 -216
1331673984 -39 590 260 381 -501 1443 -56 -171 -341 -243 -652 -1493
1331673984 -39 590 260 -146 -390 1542 -188 -230 -475 -791 -873 -2004
1331673984 26 460 308 -433 -623 1492 -236 -217 -510 -976 -827 -2073
1331673984 100 244 257 -318 -420 753 -136 -90 -395 -574 -324 -1748
1331673984 100 244 257 269 322 453 -3 -21 -199 -59 -35 -846
1331673984 98 143 170 449 574 62 68 59 149 250 264 592
1331673984 98 143 170 620 492 -482 129 88 523 514 359 1699
1331673984 88 181 233 545 -93 -348 246 109 702 1002 427 1681
1331673984 88 181 233 -510 -1488 904 187 65 545 748 269 1725
1331673984 32 418 318 -374 -256 2044 115 -4 209 437 18 845
1331673984 -18 583 235 351 -667 2044 54 -26 -103 167 -48 -431
1331673984 -22 561 255 -77 -364 1789 -117 -120 -429 -500 -438 -1866
1331673984 -22 561 255 -245 -590 1412 -198 -179 -544 -830 -668 -2179
1331673985 56 383 319 -404 -391 900 -164 -142 -511 -684 -527 -2106
1331673985 94 174 226 -7 -328 628 -51 -33 -286 -225 -103 -1229
1331673985 94 174 226 396 526 128 31 -21 -91 90 -44 -386
1331673985 90 136 177 679 965 -397 115 59 360 441 256 1499
1331673985 90 136 177 688 838 -411 193 361 672 783 1458 1719
1331673985 85 252 274 -337 -1507 884 185 129 641 748 521 1721
1331673985 6 500 301 -767 -795 2044 116 14 354 446 80 1471
1331673985 6 500 301 -134 -445 2025 51 -3 114 177 21 451
1331673985 -18 585 244 -134 -445 2025 8 -39 -223 -10 -108 -949
1331673985 -18 585 244 146 -290 1846 -135 -115 -533 -567 -420 -2167
1331673985 8 480 311 -489 -865 1080 -136 -178 -530 -580 -668 -2157
1331673985 8 480 311 -489 -550 977 -86 -55 -457 -378 -178 -2002
1331673985 72 259 282 81 157 315 -3 -5 -232 -58 31 -988
1331673985 82 141 196 354 532 124 58 54 96 199 254 359
1331673985 82 141 196 354 532 124 50 133 476 196 542 1722
1331673985 67 159 223 344 -539 -51 97 96 727 401 368 1724
1331673985 27 358 328 -672 -1279 1105 133 -37 448 527 -134 1722
1331673985 -11 532 292 -197 -218 1709 62 -78 166 227 -287 671
1331673985 -11 532 292 102 -501 1964 -15 -90 -160 -104 -307 -682
1331673985 5 513 297 333 -299 1732 -72 -110 -325 -312 -409 -1421
1331673985 5 513 297 -59 -353 852 -2 -126 -212 -58 -444 -899
1331673985 44 391 322 -289 -129 1055 31 -57 -99 72 -171 -429
1331673985 66 352 310 -51 32 907 28 -19 -34 65 -26 -175
1331673985 66 352 310 -126 208 872 12 -6 -3 23 13 -51
1331673986 66 338 311 -94 183 985 13 14 23 14 94 50
1331673986 66 338 311 -73 176 973 34 23 43 104 128 150
1331673986 62 338 313 -104 88 936 38 7 56 106 77 182
1331673986 62 338 313 -104 88 936 19 -25 60 41 -55 215
1331673986 49 361 325 -31 112 1022 8 -44 41 -2 -133 129
1331673986 53 367 323 -61 109 1058 4 -46 19 -19 -141 40
1331673986 53 367 323 -69 100 1068 34 -73 21 95 -246 50
1331673986 55 368 317 -94 -217 1088 33 -51 10 101 -165 14
1331673986 62 367 323 -94 -217 1088 23 -10 41 58 -1 126
1331673986 62 367 323 -109 100 1240 54 44 25 182 218 61
1331673986 59 371 323 -72 -14 1150 105 74 13 393 326 22
1331673986 59 371 323 -16 -74 1107 130 92 7 487 410 -13
1331673986 29 378 335 128 100 1114 152 82 16 582 356 31
1331673986 10 386 333 285 49 1033 214 92 23 828 404 54
1331673986 10 386 333 306 -47 1005 258 116 2 1001 508 -39
1331673986 -27 407 330 316 109 665 276 81 14 1083 356 23
1331673986 -55 443 334 348 -16 1017 285 37 59 1111 191 209
1331673986 -55 443 334 326 -151 933 285 17 51 1127 99 195
1331673986 -76 459 327 221 40 953 291 64 112 1139 299 428
1331673986 -76 459 327 272 -27 1038 273 77 102 1069 345 379
1331673986 -111 485 310 302 136 990 267 19 52 1041 116 183
1331673986 -155 503 314 260 87 989 265 31 73 1030 166 270
1331673986 -155 503 314 329 39 1225 284 72 51 1122 318 184
1331673986 -209 496 307 298 -103 791 307 23 34 1204 132 99
1331673986 -209 496 307 298 -103 791 272 -17 84 1067 -34 325
1331673987 -242 467 299 103 87 1029 345 -9 25 1354 12 57
1331673987 -270 418 292 109 48 985 347 -51 5 1364 -161 -5
1331673987 -270 418 292 114 197 939 359 -70 -17 1417 -242 -101
1331673987 -247 352 307 -89 189 979 382 -108 -27 1496 -377 -153
1331673987 -247 352 307 -354 395 722 293 -72 22 1161 -262 66
1331673987 -219 290 318 -542 290 1092 261 -31 18 1012 -79 41
1331673987 -198 273 317 -424 358 1186 254 1 5 989 45 -13
1331673987 -198 273 317 -430 37 1012 286 10 5 1130 73 -4
1331673987 -178 254 315 -378 79 974 313 31 -19 1216 177 -120
1331673987 -178 254 315 -378 79 974 327 62 -5 1280 294 -48
1331673987 -157 222 315 -575 -134 835 380 29 29 1499 157 74
1331673987 -157 222 315 -334 -161 897 375 13 40 1479 93 140
1331673987 -130 207 307 -619 -195 505 354 -101 107 1392 -361 425
1331673987 -71 230 313 -672 -354 820 291 -132 72 1135 -482 265
1331673987 -21 276 317 -571 -276 923 287 -65 27 1121 -218 84
1331673987 -21 276 317 -522 -334 654 265 -42 -77 1026 -117 -336
1331673987 10 294 315 -522 -334 654 263 -64 -107 1018 -204 -462
1331673987 49 298 300 -790 -211 952 242 -97 -80 937 -339 -350
1331673987 49 298 300 -407 -176 1100 246 -79 -95 954 -271 -397
1331673987 80 305 277 -421 -349 1093 255 -80 -120 984 -271 -515
1331673987 80 305 277 -312 -333 937 283 -33 -116 1103 -89 -488
1331673987 101 320 261 -214 -365 816 313 -41 -89 1218 -116 -388
1331673987 119 363 249 -224 -360 872 330 -22 -83 1293 -40 -366
1331673987 119 363 249 -303 -289 918 342 55 -79 1344 261 -352
1331673988 118 411 254 -303 -289 918 325 53 -70 1258 268 -307
1331673988 118 411 254 -236 -367 772 279 54 -41 1087 260 -211
1331673988 79 449 281 -41 -359 878 238 48 -42 923 231 -207
1331673988 79 449 281 -7 -382 1026 209 34 -8 820 170 -71
1331673988 40 464 297 -155 -288 992 162 -25 2 610 -54 -41
1331673988 19 480 299 -243 -196 1048 105 -33 -13 391 -92 -91
1331673988 19 480 299 -322 -109 1126 44 -50 -15 141 -154 -111
1331673988 20 483 295 -121 3 900 13 -69 4 19 -240 -9
1331673988 24 487 287 -121 3 900 6 -56 24 -3 -184 60
1331673988 24 487 287 0 14 881 17 -49 44 24 -142 140
1331673988 38 476 278 -51 -36 1092 18 -8 40 42 9 132
1331673988 38 476 278 -33 -77 1099 26 -13 39 72 -12 123
1331673988 33 483 277 -33 -77 1099 20 -18 22 43 -31 53
1331673988 33 483 277 -33 -77 1099 18 -19 14 51 -44 30
1331673988 38 482 274 -3 -90 1029 41 -15 21 124 -20 45
1331673988 42 495 278 -45 -63 1029 35 -24 13 102 -53 21
1331673988 42 495 278 -62 -94 1022 32 -17 9 107 -39 17
1331673988 41 496 275 -37 -92 986 40 -20 23 123 -39 57
1331673988 41 496 275 -31 -62 990 38 -21 22 117 -41 49
1331673988 39 501 279 -42 -102 1006 42 -19 29 131 -31 86
1331673988 38 496 274 -55 -122 1051 39 -11 23 123 -4 70
1331673988 38 496 274 -60 -108 1069 37 -10 22 113 5 57
1331673988 32 498 272 -19 -84 1024 35 -16 23 110 -27 58
1331673988 25 502 268 -37 -91 1053 35 -18 23 104 -31 51
1331673988 25 502 268 -35 -126 1044 33 -18 13 101 -37 37
1331673989 29 507 271 -25 -105 1021 31 -28 13 87 -66 27
1331673989 29 508 270 -21 -112 1009 27 -33 20 73 -91 38
1331673989 29 508 270 -50 -139 1065 25 -27 13 66 -71 27
1331673989 38 502 275 -50 -139 1065 32 -18 22 95 -36 45
1331673989 38 502 275 -32 -126 1025 38 -16 24 108 -17 47
1331673989 35 509 269 -19 -121 1006 35 -17 23 104 -30 49
1331673989 31 499 268 -40 -132 1021 37 -16 18 110 -23 37
1331673989 31 499 268 -29 -125 1024 30 -20 13 98 -47 24
1331673989 32 508 268 -40 -115 1025 29 -30 18 79 -78 32
1331673989 32 508 268 -40 -115 1025 28 -29 16 76 -77 26
1331673989 31 506 270 -54 -130 1025 26 -20 14 79 -49 33
1331673989 31 506 270 -59 -129 1022 24 -20 12 72 -49 31
1331673989 32 501 263 -64 -100 1023 23 -26 14 54 -64 31
1331673989 36 500 267 -65 -119 1008 9 -33 24 -2 -91 59
1331673989 36 500 267 -109 -144 1036 -14 -49 29 -95 -154 74
1331673989 45 502 267 -184 -197 1070 -58 -60 31 -273 -190 99
1331673989 45 502 267 -275 -203 1001 -114 -90 41 -482 -323 134
1331673989 55 486 255 -371 -224 1089 -186 -118 52 -780 -429 180
1331673989 99 468 246 -589 -227 925 -283 -149 74 -1174 -547 278
1331673989 138 412 211 -556 -241 1007 -335 -211 110 -1369 -807 431
1331673989 138 412 211 -653 -273 692 -343 -173 182 -1412 -653 728
1331673989 181 326 171 -573 -201 849 -334 -159 212 -1359 -612 870
1331673989 181 326 171 -788 -240 756 -347 -112 229 -1425 -411 931
1331673989 162 252 153 -788 -240 756 -361 -85 204 -1487 -301 820
1331673990 120 174 173 -470 -247 670 -257 -45 200 -1042 -154 819
1331673990 120 174 173 -308 -189 451 -176 -160 207 -731 -604 838
1331673990 83 161 207 -1379 193 581 -216 -15 178 -891 -25 715
1331673990 83 161 207 -433 -29 893 -125 146 130 -504 596 518
1331673990 24 160 244 -742 115 653 -122 116 138 -515 495 541
1331673990 -36 178 285 -1018 173 921 -177 90 113 -743 398 435
1331673990 -36 178 285 -824 27 752 -211 31 137 -864 152 556
1331673990 -95 206 314 -484 70 479 -220 -111 244 -898 -413 999
1331673990 -95 206 314 -621 -48 1026 -194 11 243 -802 74 991
1331673990 -106 275 334 -508 -162 1160 -177 71 154 -738 317 619
1331673990 -136 350 350 -893 -219 1005 -216 131 128 -879 545 514
1331673990 -136 350 350 -399 24 1015 -228 86 101 -948 385 375
1331673990 -184 395 342 -665 -96 901 -265 -19 100 -1096 -40 384
1331673990 -184 395 342 -665 -96 901 -266 -11 99 -1102 1 386
1331673990 -174 448 333 -463 -252 1068 -280 -5 59 -1162 25 210
1331673990 -162 490 332 -463 -252 1068 -283 -24 78 -1175 -48 281
1331673990 -162 490 332 -460 -59 781 -253 -36 80 -1032 -114 303
1331673990 -119 529 319 -570 -210 814 -268 -1 94 -1105 34 359
1331673990 -119 529 319 -463 -252 901 -255 20 96 -1054 118 362
1331673990 -81 546 299 -371 -161 1033 -266 79 74 -1082 342 279
1331673990 -54 563 288 -327 -258 1055 -248 93 39 -1027 408 125
1331673990 -54 563 288 -170 -139 1038 -223 90 69 -930 399 251
1331673990 -47 550 281 -232 -201 1009 -194 84 74 -793 366 282
1331673990 -38 549 278 -232 -201 1009 -165 72 27 -689 324 66
1331673991 -38 549 278 0 -47 1118 -133 79 -22 -568 357 -122
1331673991 -31 539 285 -82 -616 1156 -154 121 -113 -660 520 -470
1331673991 -31 539 285 201 -44 476 -158 -6 -78 -659 19 -337
1331673991 -49 485 314 206 41 1182 -214 -125 41 -890 -452 126
1331673991 -19 466 319 28 -127 749 -272 -89 81 -1130 -308 300
1331673991 -19 466 319 190 -304 656 -199 -255 98 -827 -980 386
1331673991 24 462 312 115 -356 899 -182 -320 152 -751 -1246 602
1331673991 24 462 312 -165 -394 713 -98 -118 140 -426 -432 552
1331673991 99 478 268 -183 -271 1467 -26 97 42 -131 418 146
1331673991 103 484 260 -226 -243 1358 -7 84 -9 -59 372 -82
1331673991 103 484 260 -157 -269 915 14 -20 -12 23 -40 -86
1331673991 96 467 289 -184 -282 1002 30 -44 -19 82 -135 -113
1331673991 96 467 289 -187 -237 1001 32 -34 -28 94 -99 -136
1331673991 100 453 290 -182 -222 969 49 -37 -26 153 -98 -147
1331673991 99 434 293 -213 -189 968 50 -22 -16 160 -48 -110
1331673991 95 431 297 -259 -178 975 43 -32 -3 137 -84 -40
1331673991 95 431 297 -278 -151 966 44 -25 8 142 -56 -2
1331673991 105 428 290 -235 -126 996 46 -20 23 148 -40 49
1331673991 105 428 290 -272 -114 996 43 -22 16 132 -44 46
1331673991 104 428 293 -273 -125 1017 33 -16 8 100 -27 9
1331673991 96 431 290 -263 -124 1011 36 -18 17 102 -25 25
1331673991 96 431 290 -263 -124 1011 31 -20 15 90 -36 22
1331673991 101 434 295 -242 -146 994 25 -24 9 77 -63 20
1331673991 101 434 295 -242 -146 994 28 -24 15 75 -51 25
1331673991 109 426 297 -241 -151 1023 24 -16 16 66 -26 25
1331673992 105 437 295 -249 -157 1005 33 -19 22 87 -29 51
1331673992 105 437 295 -248 -155 1005 35 -17 22 103 -31 62
1331673992 97 428 295 -241 -137 1006 33 -13 21 102 -14 53
1331673992 97 428 295 -237 -138 1009 38 -25 21 105 -49 42
1331673992 100 431 290 -237 -138 1009 36 -17 19 108 -26 32
1331673992 102 430 296 -235 -145 1011 37 -15 16 114 -18 25
1331673992 102 430 296 -235 -145 1011 35 -20 16 105 -38 30
1331673992 94 432 286 -235 -151 990 33 -19 13 100 -40 30
1331673992 94 432 286 -237 -143 993 32 -25 15 89 -55 37
1331673992 101 432 287 -241 -144 1021 33 -20 16 94 -40 31
1331673992 105 439 287 -235 -139 1021 36 -16 15 108 -25 31
1331673992 105 439 287 -231 -139 1013 35 -20 12 104 -35 15
1331673992 99 434 289 -234 -136 1005 32 -28 10 89 -66 3
1331673992 96 431 288 -241 -140 1001 27 -21 9 91 -55 12
1331673992 96 431 288 -239 -140 1017 33 -20 15 98 -38 27
1331673992 101 434 293 -236 -135 1011 29 -17 12 93 -35 18
1331673992 103 430 289 -246 -141 1001 31 -25 19 84 -49 32
1331673992 103 430 289 -246 -141 1001 32 -20 19 86 -38 29
1331673992 100 430 287 -224 -120 998 31 -19 18 89 -36 29
1331673992 100 430 287 -229 -122 991 30 -24 11 87 -57 25
1331673992 101 429 287 -235 -128 982 30 -25 17 94 -63 43
1331673992 101 429 287 -243 -132 1016 36 -22 17 99 -38 30
1331673992 104 429 285 -241 -137 1006 32 -18 15 97 -40 37
1331673992 110 430 289 -242 -138 1001 31 -19 17 90 -39 37
1331673993 110 430 289 -239 -133 1009 34 -21 17 102 -42 35
1331673993 100 436 293 -239 -132 1024 32 -17 15 92 -29 26
1331673993 100 436 293 -246 -139 1033 31 -14 11 87 -16 16
1331673993 102 436 289 -236 -135 1000 28 -13 11 87 -13 21
1331673993 102 429 287 -236 -135 1000 36 -17 13 103 -17 16
1331673993 102 429 287 -237 -127 1027 36 -15 14 97 -12 15
1331673993 102 430 287 -223 -121 996 33 -16 9 95 -24 12
1331673993 99 430 287 -229 -119 1013 29 -17 13 84 -28 10
1331673993 99 430 287 -220 -115 1003 36 -27 20 81 -47 18
1331673993 93 423 290 -213 -108 1002 30 -23 15 83 -49 29
1331673993 98 428 286 -223 -112 1017 31 -19 15 92 -34 27
1331673993 98 428 286 -221 -112 1009 31 -19 16 88 -40 31
1331673993 99 423 294 -228 -115 1014 30 -20 17 81 -45 36
1331673993 99 423 294 -222 -114 1012 27 -20 13 83 -49 28
1331673993 102 422 291 -222 -114 1012 30 -21 19 85 -43 32
1331673993 100 430 292 -220 -109 1008 31 -19 18 84 -36 35
1331673993 100 430 292 -222 -108 1012 31 -20 18 96 -40 35
1331673993 95 426 295 -226 -113 1021 33 -21 17 91 -38 24
1331673993 95 426 295 -225 -115 1013 33 -23 12 89 -44 28
1331673993 99 430 289 -225 -112 1012 33 -23 17 92 -44 35
1331673993 95 416 286 -228 -114 1021 30 -20 19 86 -37 29
1331673993 95 416 286 -224 -111 1013 30 -20 15 87 -39 32
1331673993 96 424 285 -221 -100 1013 31 -19 17 90 -38 36
1331673993 96 424 285 -223 -107 1008 32 -20 16 91 -36 31
1331673994 99 422 294 -227 -113 1012 31 -18 17 88 -31 29
1331673994 96 426 287 -217 -109 1008 29 -17 18 84 -33 29
1331673994 96 426 287 -224 -112 1006 30 -22 14 83 -46 21
1331673994 101 421 288 -222 -113 1013 32 -20 13 96 -45 29
1331673994 98 417 285 -221 -108 1013 32 -19 18 96 -33 29
1331673994 98 417 285 -221 -108 1013 31 -19 18 90 -36 38
1331673994 91 423 290 -218 -108 1012 31 -19 14 90 -35 33
1331673994 91 423 290 -218 -108 1012 26 -19 16 79 -45 30
1331673994 104 428 286 -216 -105 1012 31 -23 17 85 -50 29
1331673994 104 428 286 -221 -106 1008 31 -24 12 84 -54 25
1331673994 97 419 296 -222 -103 1018 34 -22 19 95 -41 35
1331673994 99 428 293 -223 -108 1017 32 -18 17 92 -30 30
1331673994 99 428 293 -223 -108 1017 29 -21 12 86 -45 29
1331673994 92 420 290 -224 -109 1004 28 -22 18 74 -48 31
1331673994 102 413 296 -223 -101 1009 32 -21 17 89 -42 30
1331673994 102 413 296 -221 -109 1021 32 -19 16 91 -36 30
1331673994 98 427 289 -221 -105 1014 31 -18 16 92 -31 26
1331673994 98 427 289 -219 -106 1013 31 -20 11 90 -42 26
1331673994 92 421 294 -221 -104 1005 32 -23 17 89 -42 29
1331673994 98 418 286 -224 -108 1022 30 -19 16 86 -32 25
1331673994 98 418 286 -226 -107 1017 28 -19 14 81 -43 30
1331673994 105 418 289 -219 -103 1017 32 -22 17 89 -44 32
1331673994 105 418 289 -228 -105 1026 33 -18 14 93 -26 19
1331673994 100 421 289 -227 -107 1024 34 -19 8 95 -32 6
1331673994 99 413 289 -227 -111 1034 35 -1 -6 103 38 -68
1331673995 99 413 289 -231 -124 1069 22 13 -22 44 97 -132
1331673995 99 410 293 -258 -184 1054 18 9 -41 27 88 -214
1331673995 99 410 293 -198 -74 1035 -22 -42 -64 -132 -121 -281
1331673995 96 383 301 -230 -338 1022 -48 17 -76 -227 111 -329
1331673995 96 347 295 -223 -32 1013 -23 41 -87 -120 204 -373
1331673995 96 347 295 -69 51 1214 8 33 -66 2 169 -289
1331673995 84 305 289 -9 374 1143 15 36 -79 7 201 -345
1331673995 71 274 287 -66 97 1244 -5 -32 -81 -45 -89 -321
1331673995 71 274 287 -166 95 998 20 80 -48 53 357 -244
1331673995 64 248 277 379 362 597 87 134 35 319 567 115
1331673995 64 248 277 385 303 545 123 144 121 459 616 475
1331673995 39 257 297 183 133 878 103 125 150 393 527 595
1331673995 39 257 297 234 122 973 101 108 147 379 462 581
1331673995 0 314 326 377 235 1028 105 98 117 385 430 455
1331673995 -34 367 345 359 240 1077 84 46 59 310 219 210
1331673995 -56 390 351 343 229 1006 73 -10 9 257 2 -10
1331673995 -56 390 351 326 221 842 63 -32 -15 222 -94 -89
1331673995 -57 385 348 227 274 702 60 -58 -24 199 -186 -129
1331673995 -57 385 348 227 274 702 42 -70 -11 143 -246 -85
1331673995 -43 375 336 140 244 595 39 -47 43 126 -153 143
1331673995 -39 397 342 133 301 689 31 -43 71 95 -136 256
1331673995 -39 397 342 7 135 819 11 -47 77 20 -157 295
1331673995 -32 417 332 172 164 940 23 -35 79 72 -106 304
1331673995 -32 417 332 138 56 1102 36 -64 67 116 -216 246
1331673996 -37 441 310 206 55 1157 48 -57 53 161 -189 173
1331673996 -31 453 291 64 -52 1170 46 -85 21 153 -301 68
1331673996 -31 453 291 39 -6 1158 39 -56 34 126 -185 108
1331673996 -30 455 284 112 33 1193 47 -71 19 155 -244 36
1331673996 -30 455 284 55 39 1024 47 -68 33 162 -239 119
1331673996 -31 448 267 -59 53 952 24 -52 76 74 -177 287
1331673996 -36 455 256 -61 24 1124 17 -22 88 34 -51 329
1331673996 -36 455 256 -35 -138 1385 13 -15 30 15 -21 87
1331673996 -37 458 255 55 -122 1347 16 -18 -6 39 -41 -57
1331673996 -37 458 255 36 -116 1123 28 -20 -13 67 -34 -97
1331673996 -34 458 257 26 -92 876 30 -27 13 81 -66 15
1331673996 -37 442 263 5 -53 774 23 -23 54 73 -66 199
1331673996 -37 442 263 76 -141 831 38 -50 89 119 -160 331
1331673996 -44 463 257 9 -259 1004 32 -44 17 95 -137 25
1331673996 -33 463 256 124 -8 1308 30 -39 5 83 -114 -7
