1331674927 -21 506 264 -99 -200 1012 29 -18 14 86 -37 31
1331674927 -21 506 264 -104 -201 1013 31 -19 14 89 -37 28
1331674927 -19 507 259 -102 -201 1011 30 -18 15 88 -38 30
1331674927 -19 507 259 -101 -200 1013 33 -22 14 92 -42 28
1331674927 -20 503 266 -105 -203 1014 31 -19 19 90 -39 36
1331674927 -11 513 263 -104 -203 1014 30 -18 15 89 -35 29
1331674927 -22 510 255 -101 -201 1014 33 -21 16 92 -41 28
1331674927 -22 510 255 -105 -199 1012 31 -18 14 93 -37 27
1331674927 -16 509 260 -104 -200 1012 33 -23 14 93 -45 29
1331674927 -14 504 257 -100 -200 1013 33 -22 14 93 -43 27
1331674927 -14 504 257 -100 -200 1013 31 -21 16 88 -41 33
1331674927 -18 507 262 -100 -198 1013 28 -18 16 83 -37 34
1331674927 -18 507 262 -101 -198 1015 30 -19 18 88 -36 38
1331674927 -20 509 264 -102 -196 1014 30 -19 16 89 -38 32
1331674927 -18 512 259 -103 -201 1013 33 -21 18 93 -42 33
1331674927 -18 512 259 -98 -199 1010 35 -23 21 92 -41 34
1331674927 -17 512 256 -102 -198 1013 28 -19 15 89 -44 35
1331674927 -19 509 259 -101 -200 1015 32 -20 18 91 -36 33
1331674927 -19 509 259 -105 -199 1011 32 -22 20 89 -43 37
1331674927 -16 511 254 -96 -197 1012 33 -23 18 92 -46 36
1331674927 -16 511 254 -100 -202 1021 28 -18 14 91 -40 31
1331674927 -14 512 260 -103 -198 1021 32 -20 19 90 -39 29
1331674927 -15 506 264 -103 -202 1021 31 -19 14 89 -39 28
1331674928 -15 506 264 -103 -201 1015 32 -21 18 87 -42 32
1331674928 -16 504 257 -104 -202 1015 36 -23 15 99 -45 38
1331674928 -16 504 257 -100 -201 1015 33 -23 16 91 -45 32
1331674928 -10 506 255 -105 -200 1011 34 -22 18 91 -39 33
1331674928 -17 508 255 -102 -201 1010 30 -19 12 93 -42 26
1331674928 -17 508 255 -101 -199 1018 31 -22 16 95 -47 33
1331674928 -14 509 260 -99 -197 1004 30 -20 13 93 -45 26
1331674928 -24 505 259 -105 -202 1015 32 -21 11 93 -42 28
1331674928 -17 503 258 -94 -200 1017 29 -19 12 89 -40 30
1331674928 -17 503 258 -99 -199 1012 30 -22 19 88 -45 33
1331674928 -18 507 255 -103 -199 1013 29 -19 17 82 -40 31
1331674928 -18 507 255 -103 -201 1015 31 -20 19 88 -36 33
1331674928 -20 509 260 -99 -197 1011 31 -20 18 92 -40 31
1331674928 -11 505 260 -102 -201 1010 30 -19 18 86 -40 31
1331674928 -20 508 257 -108 -199 1021 33 -23 16 92 -44 30
1331674928 -20 508 257 -116 -208 1007 24 -23 29 50 -43 83
1331674928 -15 507 259 -103 -236 1047 32 -28 28 88 -68 69
1331674928 -21 517 255 -38 -78 1010 61 -58 95 205 -183 361
1331674928 -21 517 255 -491 -694 37 100 481 275 383 1995 1130
1331674928 -48 565 229 -491 -694 37 69 292 217 267 1178 892
1331674928 -48 565 229 475 -397 2044 131 216 -6 487 902 -69
1331674928 -85 582 218 191 -437 1469 112 232 -149 396 976 -636
1331674929 -126 567 236 305 -535 710 93 -33 -225 311 -64 -956
1331674929 -126 567 236 308 -440 695 73 -172 -234 231 -613 -1013
1331674929 -119 512 300 478 -101 211 69 -214 -152 235 -806 -654
1331674929 -68 467 327 220 -47 26 35 -102 56 100 -361 192
1331674929 -68 467 327 96 54 241 18 -76 172 61 -277 690
1331674929 -42 483 321 -25 -183 295 -19 11 269 -102 73 1102
1331674929 -42 483 321 -25 -183 295 -31 26 300 -148 136 1234
1331674929 -49 561 295 381 -684 1182 -27 63 261 -137 281 1060
1331674929 -68 655 233 479 -670 1258 6 78 172 11 334 693
1331674929 -68 655 233 359 -724 1447 13 40 39 14 198 141
1331674929 -77 710 190 294 -801 1343 -1 -18 -88 -54 -18 -393
1331674929 -77 710 190 316 -800 1179 -11 -9 -147 -95 17 -631
1331674929 -51 719 274 354 -829 898 -13 -23 -169 -98 -38 -710
1331674929 -15 533 317 480 -604 672 12 -8 -154 1 18 -646
1331674929 -15 533 317 470 -534 607 21 -2 -109 40 42 -463
1331674929 -39 506 290 372 -388 528 22 -8 -76 42 20 -335
1331674929 -47 485 288 280 -363 414 3 -53 -28 -26 -163 -145
1331674929 -47 485 288 513 -555 808 39 -43 -63 118 -124 -279
1331674929 -37 477 302 483 -271 1049 40 -64 -89 114 -201 -389
1331674929 -32 452 309 117 -126 693 27 -95 -38 70 -336 -198
1331674929 -32 452 309 300 -254 884 8 -193 -80 -2 -727 -345
1331674929 -6 433 294 277 -190 1329 -33 -299 -196 -187 -1131 -853
1331674929 62 374 274 -74 147 926 29 -433 -210 62 -1680 -937
1331674929 62 374 274 -211 126 1277 30 -111 -124 80 -393 -524
1331674930 122 320 230 -534 114 1707 47 345 -77 144 1431 -337
1331674930 122 320 230 -569 197 1702 -22 620 -45 -129 2228 -231
1331674930 30 300 295 -372 51 646 -68 640 15 -292 2224 28
1331674930 30 300 295 -372 51 646 -54 416 -44 -256 1746 -236
1331674930 -152 277 329 485 420 -113 71 -189 172 259 -721 687
1331674930 -205 286 323 376 214 -872 68 -497 245 248 -1759 998
1331674930 -47 382 338 -86 -94 91 -5 -557 173 -44 -1719 694
1331674930 -47 382 338 -187 -89 1705 4 -279 64 -17 -1071 222
1331674930 59 414 283 -342 -71 1982 17 13 22 47 86 51
1331674930 59 409 278 -107 13 1126 38 27 14 115 148 21
1331674930 59 409 278 -27 -29 902 27 -47 26 80 -150 75
1331674930 52 406 282 -27 -29 902 27 -68 32 79 -231 118
1331674930 57 418 276 -51 -45 1062 33 -15 34 110 -27 112
1331674930 57 418 276 -86 -69 1033 44 -8 51 142 9 177
1331674930 59 421 278 -84 -89 1052 47 -2 57 161 27 194
1331674930 59 421 278 -88 -100 1080 54 9 62 183 78 213
1331674930 48 447 274 -55 -77 1053 62 25 51 228 129 181
1331674930 37 455 279 -46 -110 1165 51 -28 -46 157 -58 -239
1331674930 37 455 279 -186 -401 2044 -100 -207 -375 -429 -788 -1674
1331674930 42 431 286 -414 -466 1805 -206 -160 -534 -866 -589 -2161
1331674930 91 249 239 167 109 204 -109 -79 -341 -456 -289 -1459
1331674930 91 249 239 499 485 -488 64 117 52 216 511 177
1331674930 78 164 207 600 607 -497 75 197 346 294 792 1448
1331674931 48 236 281 366 243 -255 98 182 524 386 739 1722
1331674931 48 236 281 -53 -326 494 130 -77 383 515 -291 1601
1331674931 11 404 316 -482 -301 2044 -82 -353 -141 -362 -1364 -614
1331674931 82 386 278 111 168 1986 -266 -187 -463 -1101 -704 -1985
1331674931 82 386 278 160 107 467 -101 0 -266 -421 30 -1134
1331674931 100 229 215 416 500 -312 122 66 109 461 294 415
1331674931 100 229 215 287 713 117 167 199 375 665 803 1589
1331674931 94 260 248 306 -216 273 209 243 464 841 984 1721
1331674931 21 422 302 -675 -519 2044 -48 -170 -82 -233 -631 -362
1331674931 43 435 296 134 -352 1966 -166 -126 -403 -696 -466 -1795
1331674931 43 435 296 -96 -261 1444 -160 -21 -435 -667 -56 -1878
1331674931 64 268 277 410 421 -281 76 32 -37 255 184 -201
1331674931 65 225 259 410 421 -281 164 16 181 647 80 737
1331674931 65 225 259 -205 135 561 120 -70 286 461 -255 1181
1331674931 61 315 276 -311 95 941 81 -236 231 304 -912 949
1331674931 61 315 276 -426 -150 1252 45 -213 153 152 -813 604
1331674931 95 396 245 -426 -150 1252 6 78 48 -2 345 165
1331674931 83 403 263 -638 -1 2044 14 432 -183 13 1798 -773
1331674931 83 403 263 -363 -171 1477 35 467 -256 121 1926 -1073
1331674931 -20 328 318 -363 -171 1477 50 493 -256 159 2046 -1063
1331674931 -20 328 318 109 -45 847 102 432 -218 361 1822 -930
1331674931 -144 217 318 39 352 -72 32 359 -130 81 1492 -550
1331674931 -239 156 249 75 351 -110 -7 264 -85 -64 1091 -369
1331674931 -239 156 249 260 560 -660 -48 168 -5 -218 700 -51
1331674932 -300 145 179 324 600 -614 -52 -47 89 -246 -148 333
1331674932 -334 172 170 987 626 -650 19 -311 157 46 -1207 626
1331674932 -334 172 170 831 309 -12 61 -529 169 218 -1764 668
1331674932 -256 213 269 216 362 549 93 -654 232 352 -1760 940
1331674932 -256 213 269 216 362 549 75 -665 188 274 -1763 751
1331674932 -91 276 338 -171 234 1493 21 -464 46 49 -1787 143
1331674932 68 324 288 -500 328 1908 16 -234 -103 12 -876 -451
1331674932 68 324 288 -435 365 1811 17 -207 -169 21 -775 -727
1331674932 120 295 230 -654 317 660 -44 -317 -143 -224 -1213 -635
1331674932 167 239 144 -761 405 605 -70 -398 -139 -323 -1544 -613
1331674932 167 239 144 -646 561 677 -85 -407 -172 -395 -1570 -740
1331674932 179 193 2 -336 538 421 -1 -331 -198 -53 -1269 -867
1331674932 179 193 2 -72 603 277 74 -298 -176 238 -1123 -766
1331674932 136 190 -144 -440 846 -140 159 -247 -118 604 -940 -503
1331674932 104 236 -232 -441 816 -198 210 -154 -72 806 -569 -321
1331674932 104 236 -232 -560 759 -235 205 -102 -65 781 -355 -291
1331674932 95 292 -270 -926 432 -586 119 -42 -15 447 -130 -97
1331674932 96 342 -276 -911 435 -629 48 -7 26 150 15 73
1331674932 96 342 -276 -1213 626 -441 -12 112 81 -81 483 299
1331674932 103 331 -265 -1106 653 -286 -70 243 116 -312 1006 450
1331674932 157 289 -202 -1053 789 70 -96 351 174 -411 1440 702
1331674932 157 289 -202 -998 699 71 -107 446 205 -439 1835 837
1331674932 181 226 -64 -780 578 55 -78 519 249 -336 2110 1023
1331674933 153 200 116 -268 613 765 -12 469 242 -64 1933 992
1331674933 153 200 116 -372 546 668 1 460 289 -16 1899 1198
1331674933 63 251 278 -327 412 529 28 349 280 90 1419 1158
1331674933 -54 341 346 241 283 822 24 279 253 77 1133 1035
1331674933 -54 341 346 710 51 709 85 255 294 325 1038 1223
1331674933 -146 446 340 702 -76 594 119 195 301 456 801 1240
1331674933 -146 446 340 861 -262 767 170 178 274 676 725 1129
1331674933 -228 521 291 688 -376 20 193 155 321 760 643 1326
1331674933 -284 571 205 1112 -357 232 230 92 260 906 394 1071
1331674933 -342 571 119 910 -166 174 221 83 220 866 359 901
1331674933 -342 571 119 923 -90 89 179 51 194 694 232 780
1331674933 -386 544 49 850 115 217 73 -30 79 258 -80 289
1331674933 -388 533 47 737 348 254 -67 -174 -48 -311 -647 -245
1331674933 -388 533 47 519 272 681 -187 -280 -163 -795 -1064 -704
1331674933 -342 567 127 503 117 529 -269 -304 -227 -1135 -1150 -1005
1331674933 -342 567 127 711 -112 471 -262 -388 -238 -1102 -1491 -1064
1331674933 -233 581 239 450 -393 662 -261 -388 -230 -1097 -1485 -1017
1331674933 -233 581 239 266 -577 719 -243 -420 -164 -1029 -1622 -729
1331674933 -106 533 310 31 -124 1094 -185 -302 -83 -775 -1160 -367
1331674933 8 472 303 87 -189 1171 -120 -138 -45 -527 -497 -238
1331674933 8 472 303 -12 -123 1485 -89 -31 -70 -403 -69 -300
1331674933 48 439 306 34 -79 1225 -66 -30 -21 -311 -66 -128
1331674933 47 420 337 -51 -53 1027 -53 -53 26 -256 -163 68
1331674933 58 413 350 -51 -53 1027 -38 -15 25 -176 -32 82
1331674934 58 413 350 -81 18 1188 -26 17 10 -142 110 -5
1331674934 57 406 377 -87 -51 1056 -15 19 9 -94 117 3
1331674934 57 406 377 -63 -71 992 -9 -3 23 -74 26 51
1331674934 59 388 397 -17 -95 909 -11 -19 32 -87 -30 87
1331674934 71 384 409 30 -50 985 3 -22 28 -19 -51 92
1331674934 71 384 409 59 -21 1029 14 -30 23 20 -79 58
1331674934 78 383 424 -32 -72 1109 13 -26 -4 19 -69 -47
1331674934 78 383 424 -42 -132 1076 18 -36 5 42 -105 -17
1331674934 86 368 428 -54 -47 1099 35 -16 4 121 -38 -25
1331674934 93 357 433 -112 -51 1101 26 5 3 66 66 -34
1331674934 93 357 433 -71 -13 1003 19 -2 13 51 28 10
1331674934 79 348 427 -67 6 989 -3 -4 16 -44 25 25
1331674934 77 343 422 -48 48 1001 20 -10 22 56 -10 53
1331674934 77 343 422 -38 -56 1060 33 -1 18 109 29 43
1331674934 78 342 427 -5 9 992 26 -25 23 61 -50 50
1331674934 81 347 422 -14 -8 1021 19 -33 21 38 -87 53
1331674934 81 347 422 -26 6 1029 20 -32 22 43 -86 63
1331674934 85 339 419 2 -2 1024 21 -27 20 49 -70 45
1331674934 92 336 420 -12 -4 1041 21 -29 12 50 -74 18
1331674934 92 336 420 -18 -11 1038 21 -30 11 55 -83 9
1331674934 98 336 414 -31 -8 1030 24 -35 16 60 -95 23
1331674934 98 336 414 -56 -15 1038 26 -31 14 60 -73 18
1331674934 99 330 416 -72 -30 1063 24 -21 11 58 -40 13
1331674935 101 327 416 -61 -17 1032 24 -21 21 59 -45 42
1331674935 101 327 416 -53 -9 1040 25 -20 22 59 -36 43
1331674935 98 321 410 -48 -10 1038 25 -20 20 62 -37 39
1331674935 95 326 403 -40 10 1041 25 -16 13 66 -23 18
1331674935 95 326 403 -22 13 1077 28 -18 11 77 -30 -2
1331674935 91 311 405 -31 11 1065 35 -39 8 98 -106 -12
1331674935 91 311 405 -4 2 1104 47 -53 8 146 -166 -8
1331674935 94 307 391 118 59 989 39 -227 14 118 -860 6
1331674935 95 308 382 -144 26 1241 36 -31 -2 106 -80 -57
1331674935 74 295 372 154 86 1087 91 40 -19 317 211 -123
1331674935 74 295 372 152 99 1068 46 47 -10 162 216 -77
1331674935 48 286 365 -208 -73 878 24 -20 33 62 -39 95
1331674935 47 289 349 152 251 1143 59 -14 21 202 -18 58
1331674935 47 289 349 75 129 1193 46 20 -5 148 125 -64
1331674935 32 293 341 -157 62 1003 8 -52 30 10 -176 106
1331674935 32 293 341 -100 99 1008 9 -57 12 1 -184 3
1331674935 36 289 342 204 162 1089 33 9 -10 87 86 -83
1331674935 37 278 333 -15 73 894 35 13 12 111 86 20
1331674935 37 278 333 -14 87 927 39 -16 37 117 -18 109
1331674935 35 278 340 12 44 1067 33 -13 34 102 -21 126
1331674935 35 278 340 162 51 1109 48 -30 28 164 -80 86
1331674935 37 292 337 162 51 1109 60 -39 22 207 -117 64
1331674935 42 287 332 47 92 1106 75 -57 17 260 -181 24
1331674936 42 287 332 19 67 1102 77 -64 11 271 -206 -5
1331674936 54 292 323 10 89 1108 87 -41 -1 307 -116 -50
1331674936 68 307 315 -95 157 1008 78 -65 21 282 -222 56
1331674936 68 307 315 -133 43 954 79 -78 24 276 -267 80
1331674936 87 304 305 -136 15 976 59 -65 25 215 -225 73
1331674936 101 321 287 -116 16 819 47 -69 27 150 -229 67
1331674936 101 321 287 -150 51 901 40 -49 29 135 -166 97
1331674936 114 331 280 -184 -18 968 36 -44 24 111 -136 61
1331674936 118 335 274 -206 23 1016 36 -41 26 106 -121 77
1331674936 118 335 274 -270 31 1070 29 -44 19 85 -137 46
1331674936 125 342 268 -284 16 1052 20 -42 15 43 -125 16
1331674936 131 345 260 -284 16 1052 26 -28 0 63 -61 -36
1331674936 131 345 260 -261 31 1026 23 -11 -7 66 -7 -49
1331674936 125 334 261 -264 34 992 26 -18 2 59 -21 -31
1331674936 125 334 261 -231 45 984 27 -13 9 71 -11 -7
1331674936 129 334 264 -248 68 1000 31 -14 15 81 -9 16
1331674936 126 325 267 -249 65 996 23 -15 13 65 -27 23
1331674936 122 322 270 -241 77 1006 32 -15 16 89 -15 32
1331674936 122 322 270 -237 82 1010 34 -13 13 102 -11 28
1331674936 124 330 270 -225 75 1002 32 -14 16 105 -28 38
1331674936 129 322 271 -238 61 1014 34 -23 20 96 -45 36
1331674936 129 322 271 -230 66 1022 28 -21 14 76 -44 25
1331674936 118 321 269 -230 66 1022 26 -20 20 71 -44 36
1331674936 118 321 269 -221 69 1009 28 -20 16 75 -40 31
1331674937 127 319 266 -233 69 1008 25 -24 20 69 -54 35
1331674937 123 322 268 -230 73 1004 24 -21 17 67 -50 37
1331674937 123 322 268 -233 75 1019 25 -21 15 68 -43 24
1331674937 122 319 268 -237 70 1006 20 -21 12 63 -53 26
1331674937 122 319 268 -235 68 1014 23 -24 16 58 -57 28
1331674937 124 318 262 -231 69 1008 26 -25 16 60 -53 33
1331674937 125 310 260 -236 70 1013 26 -20 18 71 -41 41
1331674937 125 310 260 -261 66 1015 27 -19 18 72 -31 41
1331674937 124 322 263 -228 70 1013 30 -19 20 79 -30 49
1331674937 121 319 265 -228 61 1009 27 -18 22 73 -32 44
1331674937 121 319 265 -233 60 1013 27 -19 17 77 -38 40
1331674937 121 317 270 -230 57 1006 25 -19 10 78 -44 32
1331674937 120 325 266 -230 66 1025 32 -21 13 96 -44 37
1331674937 128 321 270 -230 64 1017 33 -22 19 93 -43 31
1331674937 128 321 270 -228 62 1014 34 -21 12 99 -44 24
1331674937 118 316 268 -227 67 1009 33 -18 16 105 -33 27
1331674937 118 316 268 -210 59 1004 38 -18 17 113 -29 25
1331674937 116 318 269 -210 58 1019 43 -20 14 131 -35 25
1331674937 116 322 270 -210 55 1014 48 -22 13 150 -39 17
1331674937 116 322 270 -255 41 1041 45 -27 12 136 -60 2
1331674937 121 325 261 -270 54 1043 39 -28 9 113 -63 -1
1331674937 121 325 261 -219 71 1012 45 -18 10 145 -31 1
1331674937 126 330 266 -183 62 1011 63 -9 17 214 8 33
1331674938 123 333 270 -179 73 1017 86 0 24 321 36 67
1331674938 123 333 270 -153 36 1029 109 -10 24 397 6 60
1331674938 118 348 274 -178 21 1058 112 -8 13 421 7 18
1331674938 120 365 279 -128 13 1004 131 -8 11 488 10 4
1331674938 120 365 279 -135 -20 999 127 -9 6 473 9 -14
1331674938 110 386 278 -217 -39 1045 130 -5 7 483 22 -19
1331674938 104 412 277 -152 3 997 138 -10 14 516 5 9
1331674938 104 412 277 -159 -24 1001 154 -14 10 583 -10 -1
1331674938 100 431 277 -152 -8 1021 177 -9 5 666 12 -17
1331674938 100 431 277 -152 -8 1021 179 -4 8 675 31 -10
1331674938 94 449 274 -179 -18 1069 180 -5 -7 675 29 -70
1331674938 71 482 293 -167 -7 1032 180 3 -6 688 52 -69
1331674938 71 482 293 -153 11 968 174 -7 15 661 15 17
1331674938 45 513 291 -159 -13 999 169 -23 7 648 -58 9
1331674938 27 530 293 -125 39 1101 164 -10 8 623 3 -9
1331674938 27 530 293 -127 32 1028 179 -1 -7 687 32 -60
1331674938 1 544 295 -158 29 1041 165 -16 5 633 -24 -14
1331674938 -17 561 295 -111 68 936 171 -28 20 653 -70 41
1331674938 -17 561 295 -175 -28 997 183 -32 13 698 -90 23
1331674938 -42 554 294 -200 25 960 174 -38 21 663 -111 47
1331674938 -42 554 294 -225 11 972 174 -41 20 659 -119 37
1331674938 -62 562 293 -243 -45 1036 172 -26 12 657 -63 18
1331674938 -81 568 290 -243 -45 1036 168 -22 14 634 -47 31
1331674939 -81 568 290 -217 -32 1056 152 -8 16 583 1 42
1331674939 -104 576 294 -179 -32 1026 150 -12 11 575 -14 19
1331674939 -104 576 294 -166 -41 1038 147 -10 14 550 5 17
1331674939 -126 570 286 -190 -36 1113 137 5 6 520 60 -16
1331674939 -154 566 295 -115 -6 1005 131 34 14 487 178 16
1331674939 -176 552 295 -54 -38 1001 134 56 17 509 251 51
1331674939 -176 552 295 -61 -75 990 141 26 6 528 150 -15
1331674939 -211 536 289 -142 11 1003 105 0 -22 397 31 -114
1331674939 -211 536 289 -102 -30 997 102 -52 -19 368 -162 -126
1331674939 -225 521 293 -101 44 971 99 -12 36 370 -11 118
1331674939 -222 513 293 -107 -30 1025 112 -2 19 416 31 36
1331674939 -222 513 293 -63 59 1087 125 7 13 464 68 29
1331674939 -241 493 290 -76 23 996 113 9 20 426 68 59
1331674939 -241 493 290 35 57 960 114 4 32 433 46 113
1331674939 -257 487 288 78 -1 993 132 2 31 498 45 94
1331674939 -274 472 290 46 -22 1013 140 -2 22 536 26 64
1331674939 -274 472 290 62 14 1108 142 9 24 536 75 56
1331674939 -283 456 276 199 -40 1051 132 -6 29 493 15 89
1331674939 -294 439 275 31 10 992 118 -30 24 435 -72 62
1331674939 -294 439 275 31 -2 1041 130 -26 24 477 -51 58
1331674939 -296 427 277 -89 -13 1129 115 4 17 437 48 48
1331674939 -301 399 277 -90 -50 1118 105 0 13 385 42 16
1331674939 -301 399 277 -34 -24 1105 104 10 -5 383 79 -46
1331674939 -311 379 271 -15 31 1076 106 13 1 391 94 -30
1331674940 -314 366 265 43 41 1085 120 -3 -17 432 41 -131
1331674940 -314 366 265 226 133 894 124 -5 13 456 25 14
1331674940 -321 336 256 279 125 913 152 -29 67 568 -70 252
1331674940 -312 322 255 279 125 913 145 -51 77 557 -167 286
1331674940 -312 322 255 32 -168 917 110 -6 70 416 7 263
1331674940 -308 312 279 -557 -298 1741 65 5 -9 232 45 -76
1331674940 -325 310 266 679 -26 767 225 21 106 875 122 406
1331674940 -325 310 266 695 -31 1097 317 -21 109 1257 -56 428
1331674940 -311 285 260 -301 -423 730 301 -40 120 1173 -113 466
1331674940 -286 254 272 168 -30 1101 321 -122 87 1258 -442 320
1331674940 -286 254 272 99 -4 518 235 -69 137 916 -241 541
1331674940 -238 249 297 -217 -389 948 177 3 130 687 41 519
1331674940 -238 249 297 -202 -208 681 152 -44 166 580 -136 660
1331674940 -226 266 317 82 -337 840 158 -77 177 603 -273 715
1331674940 -200 306 335 36 -556 980 147 -34 165 565 -104 661
1331674940 -183 346 349 252 -516 1105 185 -67 147 713 -232 582
1331674940 -183 346 349 327 -591 1157 221 -122 98 860 -451 371
1331674940 -155 367 355 253 -694 1306 244 -101 -8 943 -359 -74
1331674940 -155 367 355 135 -590 1152 236 -89 -49 903 -307 -238
1331674940 -125 345 359 -56 -406 1029 140 -119 -103 529 -432 -442
1331674940 -125 345 359 129 -229 994 151 -106 -102 558 -367 -443
1331674940 -88 297 363 135 -196 895 139 -80 -81 527 -282 -340
1331674940 -62 268 350 120 -209 836 144 -67 -36 536 -222 -174
1331674941 -62 268 350 208 -54 817 162 -62 11 611 -201 5
1331674941 -30 262 350 -69 -147 728 143 -21 50 535 -40 172
1331674941 -6 271 349 -288 -155 984 82 -102 -73 286 -356 -327
1331674941 -6 271 349 -76 -11 983 69 -47 -56 233 -140 -249
1331674941 9 241 330 81 39 827 85 -15 0 304 -16 -40
1331674941 25 248 326 110 48 974 87 -28 28 317 -71 87
1331674941 25 248 326 61 -24 961 102 4 54 372 62 185
1331674941 25 263 329 72 -156 1108 108 -12 41 409 -19 142
1331674941 37 287 337 147 -28 1062 140 -40 26 531 -120 71
1331674941 37 287 337 43 -32 1076 154 -45 2 583 -149 -15
1331674941 42 307 340 43 -32 1076 166 -17 22 635 -30 70
1331674941 42 307 340 130 -42 966 189 -27 54 727 -68 181
1331674941 45 327 334 -80 -113 1158 191 -42 28 726 -121 71
1331674941 45 327 334 75 -99 1113 188 -20 -5 720 -38 -47
1331674941 52 374 333 -125 -148 1113 179 51 7 695 237 8
1331674941 42 391 334 48 -19 1040 191 -3 -7 730 32 -77
1331674941 42 391 334 22 41 1021 186 -5 -4 721 14 -56
1331674941 33 416 328 123 -77 960 182 13 3 691 99 -23
1331674941 11 429 325 13 71 1107 185 7 -3 709 63 -37
1331674941 11 429 325 53 -11 1153 217 4 7 824 69 -9
1331674941 5 444 322 25 31 948 213 16 44 821 107 142
1331674941 -26 477 318 159 28 913 223 58 57 871 265 216
1331674941 -26 477 318 159 28 913 228 76 65 888 342 227
1331674941 -63 505 314 175 31 1035 216 11 40 843 75 138
1331674942 -63 505 314 147 96 950 195 -40 42 741 -112 137
1331674942 -94 520 316 143 114 1132 210 -29 43 804 -74 148
1331674942 -115 529 301 162 -1 1023 207 -25 63 797 -61 218
1331674942 -115 529 301 107 39 1057 199 -34 55 762 -92 204
1331674942 -124 540 302 64 96 1014 200 -11 41 763 3 124
1331674942 -152 531 302 113 3 1040 209 26 26 811 141 82
1331674942 -152 531 302 146 40 1022 212 8 35 815 77 103
1331674942 -198 523 299 200 35 841 209 -7 52 804 15 193
1331674942 -224 522 294 -10 76 974 215 -73 68 831 -251 244
1331674942 -224 522 294 27 82 959 228 -82 46 891 -293 162
1331674942 -230 503 301 -86 -50 953 259 -113 48 1006 -409 156
1331674942 -228 477 303 -86 -50 953 269 -37 24 1047 -108 65
1331674942 -228 477 303 -51 -20 1118 273 -13 24 1065 -10 55
1331674942 -245 448 304 -144 74 1104 241 13 -2 933 90 -57
1331674942 -255 407 305 -493 202 1179 228 -28 10 884 -70 10
1331674942 -255 407 305 -270 60 1193 54 -269 40 185 -1043 119
1331674942 -261 374 304 -77 14 1009 206 -67 32 788 -224 93
1331674942 -261 374 304 -174 45 1150 206 -142 12 793 -522 9
1331674942 -249 353 313 -60 -23 829 199 -90 -20 763 -312 -128
1331674942 -215 312 325 -287 -50 908 156 -88 -16 592 -313 -89
1331674942 -192 292 322 -143 113 981 161 -77 -14 617 -270 -102
1331674942 -192 292 322 -242 43 1047 193 -36 -32 728 -90 -188
1331674942 -179 268 325 -444 40 939 185 28 -29 710 151 -149
1331674943 -179 268 325 -537 18 1068 166 39 10 623 206 -1
1331674943 -174 238 319 -241 31 1009 189 39 33 723 197 91
1331674943 -174 238 319 -231 -30 916 215 9 10 832 72 13
1331674943 -166 237 316 32 -95 985 241 -21 -8 932 -42 -71
1331674943 -148 225 317 -438 -135 973 210 -101 -15 808 -359 -104
1331674943 -148 225 317 -352 -134 1080 210 -96 -39 805 -336 -209
1331674943 -101 213 315 -409 -156 1050 230 -69 -81 883 -228 -360
1331674943 -59 192 302 -429 -32 1001 234 -57 -79 908 -188 -340
1331674943 -59 192 302 -216 40 738 260 2 -32 1014 47 -156
1331674943 -15 184 287 -517 -78 1248 225 2 -18 861 59 -123
1331674943 21 195 281 -411 2 985 215 -7 -10 830 15 -91
1331674943 21 195 281 -263 -105 886 222 -1 -13 857 36 -94
1331674943 38 212 279 -330 -215 1021 221 0 -22 862 31 -121
1331674943 38 212 279 -257 -196 972 252 22 15 974 135 23
1331674943 65 231 277 -333 -157 1116 262 6 -3 1009 76 -64
1331674943 80 270 286 -218 -213 961 269 20 11 1055 111 29
1331674943 80 270 286 -271 -182 1030 258 -12 23 1003 -6 54
1331674943 90 314 287 -277 -172 1076 247 -19 1 958 -31 -33
1331674943 90 314 287 -176 -241 1012 262 34 -1 1019 178 -42
1331674943 95 361 290 -232 -279 1079 239 17 -21 934 105 -109
1331674943 77 410 297 -126 -232 964 221 17 -21 857 109 -133
1331674943 77 410 297 -152 -191 963 205 5 -13 778 74 -111
1331674943 61 425 303 -177 -205 1021 159 -11 -20 598 0 -120
1331674943 61 425 303 -32 -34 973 143 -17 -9 532 -19 -72
1331674944 49 446 304 -88 16 990 95 -8 13 336 18 7
1331674944 40 451 305 -85 -16 1004 54 -23 26 181 -53 68
1331674944 40 451 305 -61 19 1017 37 -25 36 120 -62 115
1331674944 45 455 305 -5 6 1095 42 -5 32 133 21 94
1331674944 40 459 303 9 -2 1118 41 -4 13 121 30 20
1331674944 40 459 303 29 2 1032 38 -28 3 112 -65 -28
1331674944 31 469 305 44 -27 972 37 -43 5 113 -131 -17
1331674944 39 456 306 1 -11 983 26 -40 9 75 -124 11
1331674944 39 456 306 -14 -9 974 27 -41 28 74 -123 78
1331674944 39 461 304 -26 -39 1048 26 -22 31 62 -40 88
1331674944 39 461 304 -20 -41 1055 27 -26 29 61 -53 82
1331674944 42 464 299 -7 -43 1101 32 -23 20 89 -48 36
1331674944 42 464 299 -16 -50 1078 34 -15 10 107 -26 13
1331674944 41 461 302 -12 -25 1032 38 -21 14 108 -34 19
1331674944 38 463 295 -22 -43 1026 32 -16 15 92 -27 21
1331674944 44 462 303 -21 -36 1013 34 -23 15 92 -42 24
1331674944 44 462 303 -11 -28 1021 30 -19 17 87 -35 35
1331674944 41 463 299 -13 -40 1005 32 -24 24 86 -50 60
1331674944 41 460 302 -13 -34 1019 31 -20 24 89 -38 56
1331674944 41 460 302 -7 -30 1054 33 -24 20 89 -54 39
1331674944 42 464 302 -13 -45 1040 30 -24 18 84 -53 26
1331674944 42 464 302 -19 -52 1042 33 -20 17 94 -38 30
1331674944 47 457 293 -16 -36 1025 31 -24 18 91 -51 36
1331674944 40 469 305 -16 -36 1025 31 -27 16 81 -62 28
1331674945 40 469 305 -17 -35 1023 30 -27 16 83 -68 41
1331674945 45 461 302 -28 -43 1024 28 -23 18 82 -57 40
1331674945 47 461 288 -31 -42 1041 30 -28 17 74 -64 32
1331674945 44 460 288 -35 -49 1046 27 -24 14 75 -53 23
1331674945 44 460 288 -36 -45 1036 26 -26 18 69 -63 28
1331674945 49 473 297 -38 -49 1025 27 -30 16 62 -70 28
1331674945 49 473 297 -48 -51 1030 22 -26 12 56 -70 18
1331674945 44 465 296 -48 -38 1030 26 -30 9 60 -75 18
1331674945 54 456 299 -57 -37 1023 20 -34 14 39 -89 19
1331674945 54 456 299 -62 -38 1021 12 -38 14 7 -111 23
1331674945 55 452 294 -69 -23 1038 6 -35 13 -5 -109 24
1331674945 55 452 294 -101 -19 1038 -16 -46 16 -107 -139 20
1331674945 67 450 295 -146 -28 1051 -45 -55 13 -217 -178 34
1331674945 82 433 289 -176 -37 1053 -94 -74 18 -412 -254 28
1331674945 82 433 289 -229 -51 1032 -117 -97 20 -515 -330 39
1331674945 94 413 282 -274 -27 1053 -158 -118 11 -667 -426 16
1331674945 122 371 255 -305 -24 1014 -179 -124 28 -756 -451 78
1331674945 122 371 255 -398 -42 1008 -187 -118 36 -790 -420 103
1331674945 138 320 238 -502 -29 1032 -218 -91 35 -902 -321 103
1331674945 133 254 220 -331 43 841 -217 -100 46 -905 -357 149
1331674945 133 254 220 -444 136 1052 -206 -118 47 -852 -430 162
1331674945 125 205 202 -587 167 803 -217 -80 68 -900 -282 252
1331674945 125 205 202 -545 185 773 -202 -95 86 -840 -341 340
1331674946 89 158 201 -649 137 917 -201 -93 71 -840 -330 259
1331674946 51 126 201 -407 153 894 -197 -56 74 -830 -177 266
1331674946 51 126 201 -484 110 886 -197 -42 71 -813 -133 266
1331674946 -2 108 204 -521 232 837 -213 -53 70 -880 -174 254
1331674946 -51 99 224 -469 210 945 -199 -7 54 -837 21 183
1331674946 -51 99 224 -405 230 952 -192 28 31 -798 148 102
1331674946 -117 102 221 -352 480 562 -216 6 75 -886 53 291
1331674946 -117 102 221 -314 305 705 -199 -48 60 -832 -150 205
1331674946 -160 113 239 -197 174 998 -167 41 59 -710 212 203
1331674946 -217 149 246 -27 563 701 -133 -25 71 -560 -67 264
1331674946 -217 149 246 -230 71 923 -118 -120 116 -507 -438 451
1331674946 -231 186 270 -493 62 1141 -134 -40 72 -571 -117 268
1331674946 -231 186 270 -214 212 1183 -116 31 34 -502 163 116
1331674946 -252 234 285 -143 246 964 -106 9 47 -462 73 160
1331674946 -270 259 281 -142 322 1043 -106 -10 42 -458 -1 134
1331674946 -270 259 281 -120 199 1105 -123 11 27 -537 94 76
1331674946 -284 293 286 -38 201 1130 -111 16 7 -476 108 -11
1331674946 -284 293 286 -73 178 1060 -132 30 -10 -566 164 -80
1331674946 -305 321 271 -26 212 953 -157 8 -17 -668 76 -118
1331674946 -328 354 263 60 149 917 -175 -35 -19 -737 -93 -119
1331674946 -326 388 260 129 67 953 -156 -38 -8 -673 -98 -91
1331674946 -326 388 260 135 154 996 -155 -26 -13 -665 -56 -111
1331674946 -316 426 266 58 151 960 -163 -24 -14 -685 -56 -99
1331674946 -298 459 266 159 150 957 -165 -41 -14 -693 -126 -79
1331674947 -298 459 266 125 143 949 -154 -24 9 -654 -48 -3
1331674947 -280 491 271 221 76 1036 -141 6 -7 -600 64 -63
1331674947 -280 491 271 196 82 1027 -135 -1 -9 -569 36 -74
1331674947 -263 512 265 238 4 933 -146 -38 -7 -612 -106 -75
1331674947 -242 543 265 240 -4 940 -136 -66 1 -583 -218 -31
1331674947 -202 562 270 236 39 957 -144 -84 14 -620 -287 19
1331674947 -202 562 270 224 6 945 -146 -101 26 -635 -349 66
1331674947 -161 574 273 142 -121 1047 -157 -76 30 -656 -268 83
1331674947 -161 574 273 122 -105 1009 -164 -70 33 -693 -235 94
1331674947 -112 587 277 114 -46 1021 -175 -92 33 -723 -334 108
1331674947 -61 589 271 37 -181 1048 -148 -100 35 -628 -352 113
1331674947 -61 589 271 37 -181 1048 -147 -95 40 -611 -344 134
1331674947 -8 569 262 -185 -198 969 -127 -69 51 -539 -237 167
1331674947 -8 569 262 -185 -198 969 -103 -55 51 -451 -173 171
1331674947 27 555 248 -251 -229 812 -90 0 56 -393 44 211
1331674947 56 551 237 -208 -253 1088 -76 27 38 -336 146 128
1331674947 62 531 241 -177 -220 965 -83 41 47 -356 193 170
1331674947 62 531 241 -156 -191 1075 -91 60 24 -407 288 52
1331674947 66 519 245 -164 -216 1069 -114 81 2 -500 370 -31
1331674947 66 519 245 -120 -161 1015 -120 95 22 -511 410 65
1331674947 53 497 272 -13 -242 893 -135 64 42 -582 301 125
1331674947 45 459 289 -170 -281 966 -156 53 52 -660 249 181
1331674947 45 459 289 -192 -301 884 -202 47 62 -849 234 224
1331674948 43 454 306 33 -338 1062 -189 -20 45 -796 -35 150
1331674948 46 440 315 -54 -356 1138 -201 -52 54 -838 -166 181
1331674948 65 407 322 -17 -397 875 -198 13 60 -814 83 218
1331674948 65 407 322 -99 -384 1269 -184 72 19 -769 331 40
1331674948 52 368 334 -99 -384 1269 -195 90 10 -799 387 10
1331674948 52 368 334 -226 -571 925 -187 73 -2 -782 326 -37
1331674948 6 333 351 -332 -396 936 -215 91 10 -902 406 -2
1331674948 -35 302 361 -175 -308 900 -222 77 -12 -928 345 -85
1331674948 -35 302 361 -149 -415 949 -221 46 4 -921 222 -23
1331674948 -91 282 353 -185 -340 853 -212 105 -7 -886 462 -70
1331674948 -91 282 353 -130 -514 842 -206 103 4 -855 448 -19
1331674948 -147 270 354 -177 -291 864 -227 118 41 -949 517 126
1331674948 -201 299 340 -179 -370 719 -243 62 80 -1003 283 300
1331674948 -231 351 330 -12 -325 744 -245 23 92 -1015 128 346
1331674948 -231 351 330 10 -629 825 -222 62 95 -915 286 361
1331674948 -251 411 320 -32 -583 1318 -172 41 7 -727 206 -8
1331674948 -251 411 320 -14 -627 1045 -171 -57 6 -717 -181 -9
1331674948 -245 451 315 -150 -482 950 -138 -67 -12 -599 -218 -87
1331674948 -217 469 318 -332 -487 1051 -137 -48 -6 -594 -138 -76
1331674948 -217 469 318 -262 -432 1055 -102 -48 -30 -454 -143 -148
1331674948 -196 472 335 -412 -359 951 -101 -15 -25 -435 -22 -136
1331674948 -196 472 335 -545 -367 869 -107 -24 -13 -470 -50 -99
1331674948 -189 476 332 -480 -295 902 -116 -26 -3 -505 -61 -62
1331674948 -170 467 328 -518 -243 872 -128 17 -7 -546 107 -67
1331674949 -170 467 328 -490 -255 1054 -62 32 -36 -294 173 -190
1331674949 -168 469 333 -474 -267 902 -8 30 35 -69 158 99
1331674949 -177 469 334 -412 56 1040 -78 74 48 -358 345 155
1331674949 -177 469 334 -189 -77 1057 -105 65 27 -462 307 71
1331674949 -201 492 316 -144 20 1023 -75 14 15 -341 103 21
1331674949 -205 499 309 -314 -105 1053 -78 42 -7 -348 207 -58
1331674949 -205 499 309 -64 -85 1139 -47 8 -43 -231 80 -217
1331674949 -222 501 304 -182 101 616 -92 -77 -73 -410 -263 -303
1331674949 -205 494 318 -290 -239 1036 -143 -46 -9 -605 -149 -66
1331674949 -205 494 318 -175 5 1077 -83 -21 6 -371 -42 -18
1331674949 -178 497 315 -142 -72 1041 9 19 55 21 101 204
1331674949 -171 497 317 -110 -39 1070 37 52 72 107 249 267
1331674949 -171 497 317 -17 290 952 -53 65 8 -241 290 -4
1331674949 -199 519 303 -76 274 738 7 90 21 3 389 51
1331674949 -199 519 303 -565 -51 948 -84 -28 26 -378 -64 61
1331674949 -188 527 303 -79 -47 1108 -90 -14 14 -398 -16 20
1331674949 -169 545 306 -121 47 991 -85 -7 39 -387 20 122
1331674949 -169 545 306 74 103 1342 -91 14 20 -402 94 47
1331674949 -147 560 294 289 81 446 -46 146 87 -215 617 328
1331674949 -174 593 268 -221 -273 254 -137 63 238 -559 267 989
1331674949 -174 593 268 10 -324 1022 -174 5 191 -725 57 767
1331674949 -135 651 206 819 -344 1277 -40 83 74 -182 356 286
1331674949 -122 665 174 642 -539 2008 -215 90 106 -872 381 420
1331674950 -122 665 174 41 -660 906 -75 -256 -46 -352 -950 -252
1331674950 -89 675 165 -43 -664 346 -97 5 -2 -436 67 -54
1331674950 -64 656 172 246 -374 1668 -59 49 -65 -282 242 -288
1331674950 -64 656 172 116 -545 1338 -36 -1 -142 -196 57 -602
1331674950 -52 643 200 -392 -581 1070 -158 130 -106 -651 540 -440
1331674950 -52 643 200 -326 -301 496 -244 124 -71 -1021 538 -318
1331674950 -41 611 247 -113 -541 725 -266 110 -73 -1095 483 -316
1331674950 -41 611 247 -74 -563 605 -231 82 -42 -964 362 -215
1331674950 -12 556 282 338 -299 779 -176 3 -26 -737 47 -146
1331674950 7 518 313 191 -385 898 -134 -52 -33 -575 -155 -185
1331674950 26 480 317 209 -324 1039 -95 -46 -34 -422 -136 -195
1331674950 26 480 317 189 -216 981 -82 -24 -56 -372 -47 -250
1331674950 42 436 322 270 -186 1051 -45 -65 -46 -221 -210 -233
1331674950 57 398 326 74 -163 822 -27 -35 -41 -144 -97 -202
1331674950 57 398 326 232 -73 926 16 -66 13 29 -223 7
1331674950 64 384 325 176 -109 362 44 -85 108 137 -297 423
1331674950 64 384 325 -94 -347 2044 25 -286 -73 58 -1095 -331
1331674950 83 413 319 -273 -171 811 -11 -80 1 -84 -280 -40
1331674950 126 384 279 -350 -137 1045 -2 -39 -19 -46 -113 -107
1331674950 126 384 279 -224 6 1134 24 -33 -31 50 -82 -166
1331674950 131 367 282 -239 -51 957 45 -47 -19 150 -151 -101
1331674950 133 367 270 -205 -7 876 61 -69 -1 208 -230 -41
1331674950 133 367 270 -178 -4 877 66 -57 30 231 -191 86
1331674951 147 368 262 -339 -40 1069 49 -45 38 162 -141 120
1331674951 154 388 260 -370 -61 956 -10 -32 74 -78 -84 265
1331674951 154 388 260 -428 -60 1022 -9 -28 69 -62 -82 268
1331674951 155 391 258 -296 -95 1070 46 49 27 148 236 72
1331674951 150 397 268 -396 -42 1044 7 69 5 -3 314 -7
1331674951 150 397 268 -292 -54 952 -7 23 -2 -76 144 -60
1331674951 127 382 289 -255 -109 900 10 -48 -34 11 -154 -174
1331674951 133 368 288 79 148 1129 73 -112 12 258 -404 9
1331674951 133 368 288 -418 -133 1077 68 -24 -5 236 -53 -57
1331674951 143 360 286 -344 -161 1078 73 13 -12 255 100 -94
1331674951 143 360 286 -341 -157 945 70 2 12 242 54 2
1331674951 134 382 290 -294 -13 1006 46 -19 33 161 -45 98
1331674951 131 390 291 -255 29 1024 27 1 33 80 37 103
1331674951 131 390 291 -251 47 1056 35 0 27 105 39 71
1331674951 128 397 296 -260 -9 1008 35 -9 21 105 1 49
1331674951 125 398 300 -275 -47 1006 24 -21 14 54 -40 15
1331674951 125 398 300 -245 -68 980 19 -27 18 48 -68 46
1331674951 123 400 305 -258 -43 980 30 -28 17 84 -70 42
1331674951 131 401 303 -274 -87 1045 31 -12 14 96 -9 16
1331674951 131 401 303 -248 -66 1008 32 -13 8 98 -11 -2
1331674951 125 404 306 -270 -63 1026 27 -11 -5 78 -5 -46
1331674951 125 392 298 -265 -51 1071 21 12 -17 50 86 -108
1331674951 125 392 298 -221 8 1073 3 -5 -41 -23 17 -192
1331674952 110 375 310 -248 11 1073 -10 -62 -64 -88 -193 -280
1331674952 120 344 299 -134 103 1230 4 -83 -130 -32 -276 -556
1331674952 134 293 267 -202 210 1248 13 -85 -187 5 -285 -792
1331674952 134 293 267 -304 228 1169 5 -94 -233 -37 -318 -1005
1331674952 142 224 206 -405 305 925 -8 -113 -239 -91 -386 -1021
1331674952 142 224 206 -430 502 770 -39 -100 -222 -215 -336 -947
1331674952 151 171 134 -430 502 770 -50 -97 -226 -253 -328 -973
1331674952 138 122 60 -335 681 531 -43 -108 -233 -229 -369 -1004
1331674952 138 122 60 -269 769 369 -27 -94 -242 -161 -318 -1029
1331674952 127 106 -26 -322 821 172 -34 -86 -239 -181 -293 -1025
1331674952 127 106 -26 -314 795 79 -38 -92 -243 -200 -312 -1045
1331674952 107 110 -111 -196 829 -110 -34 -107 -226 -183 -372 -962
1331674952 78 134 -194 -134 809 -367 -48 -103 -216 -243 -356 -919
1331674952 42 175 -259 34 848 -537 -30 -128 -213 -163 -458 -902
1331674952 42 175 -259 -102 733 -852 -28 -113 -186 -160 -401 -794
1331674952 9 226 -311 74 741 -778 -36 -121 -179 -184 -433 -760
1331674952 9 226 -311 237 704 -940 -19 -136 -135 -113 -499 -569
1331674952 -23 277 -340 374 477 -875 40 -124 -136 106 -436 -575
1331674952 -23 277 -340 355 289 -827 50 -198 -105 168 -748 -454
1331674952 -62 324 -352 357 379 -840 58 -183 -122 185 -678 -522
1331674952 -114 374 -358 364 311 -885 45 -139 -93 139 -507 -404
1331674952 -114 374 -358 423 485 -854 27 -122 -65 75 -448 -300
1331674952 -150 409 -352 557 240 -767 29 -68 -109 77 -231 -453
1331674953 -176 435 -347 440 -3 -1016 38 -80 -62 124 -282 -271
1331674953 -191 472 -331 646 208 -1036 41 -92 -90 123 -320 -377
1331674953 -191 472 -331 541 150 -884 27 -118 -98 66 -422 -433
1331674953 -213 499 -300 590 53 -558 17 -110 -117 42 -401 -493
1331674953 -213 499 -300 706 68 -733 43 -150 -104 123 -550 -460
1331674953 -243 540 -276 800 65 -772 45 -144 -97 134 -520 -414
1331674953 -264 564 -230 764 -81 -401 40 -112 -113 114 -392 -475
1331674953 -264 564 -230 771 -159 -376 32 -104 -120 82 -363 -515
1331674953 -285 595 -190 846 -236 -397 26 -98 -109 64 -344 -469
1331674953 -294 609 -136 867 -187 -496 38 -114 -80 113 -407 -355
1331674953 -294 609 -136 915 -99 -486 56 -128 -41 182 -466 -214
1331674953 -303 623 -105 917 -181 -107 43 -124 -89 129 -446 -374
1331674953 -310 619 -50 947 -249 -211 54 -96 -62 169 -330 -279
1331674953 -310 619 -50 1046 -255 -285 66 -81 6 220 -269 -10
1331674953 -316 619 -21 928 -140 -158 56 -45 33 203 -148 107
1331674953 -316 619 -21 851 -138 151 43 -43 0 129 -128 -41
1331674953 -328 614 -27 872 -145 -32 33 -35 8 98 -98 -4
1331674953 -327 617 -13 872 -145 -32 36 -38 26 114 -112 71
1331674953 -333 611 -10 879 -107 137 25 -38 -2 64 -109 -28
1331674953 -333 611 -10 936 -183 150 27 -83 -25 67 -287 -148
1331674953 -328 616 -1 999 -229 -51 44 -114 -23 147 -419 -124
1331674953 -333 612 35 1007 -117 1 59 -105 0 197 -377 -43
1331674953 -333 612 35 859 -129 146 52 -64 22 170 -212 54
1331674954 -336 607 52 840 -84 203 50 -60 33 158 -194 99
1331674954 -336 607 52 909 -101 441 49 -52 36 165 -170 130
1331674954 -337 603 60 829 -82 405 39 -41 10 113 -117 -5
1331674954 -336 606 55 906 -85 273 39 -31 21 114 -82 41
1331674954 -336 606 55 952 -92 260 38 -24 20 118 -57 62
1331674954 -335 589 62 885 -45 291 36 -13 29 102 -2 84
1331674954 -340 595 64 885 -45 291 28 -10 14 83 -3 29
1331674954 -340 595 64 899 -50 289 28 -7 20 74 23 43
1331674954 -336 595 48 908 -97 282 29 -18 28 83 -34 77
1331674954 -336 595 48 948 -105 311 29 -8 14 94 -4 28
1331674954 -342 601 57 935 -73 214 35 -8 25 106 7 62
1331674954 -342 601 57 944 -75 200 44 -5 30 139 23 107
1331674954 -337 598 47 962 -166 347 43 13 42 148 84 145
1331674954 -341 601 46 928 -88 187 48 59 82 156 276 303
1331674954 -341 601 46 1016 -72 240 53 112 93 184 478 351
1331674954 -350 587 9 924 -39 -47 67 106 115 232 465 447
1331674954 -356 583 -42 965 -105 -161 76 142 173 284 593 695
1331674954 -354 561 -117 973 -32 -139 92 162 179 343 677 714
1331674954 -354 561 -117 979 10 -290 123 198 232 473 816 949
1331674954 -350 513 -195 981 34 -344 147 233 273 580 943 1149
1331674954 -306 424 -280 832 121 -249 144 267 269 565 1084 1099
1331674954 -306 424 -280 768 251 -210 180 243 249 706 994 1014
1331674954 -235 328 -329 581 563 -441 192 257 254 756 1045 1059
1331674954 -235 328 -329 389 637 -498 181 234 268 709 960 1093
1331674955 -131 221 -333 228 799 -482 177 220 275 693 896 1150
1331674955 -49 138 -280 52 951 -367 175 180 281 688 739 1158
1331674955 -49 138 -280 -82 1029 -265 176 151 281 684 635 1156
1331674955 27 91 -186 -100 898 -179 184 129 318 716 543 1310
1331674955 85 83 -73 -252 724 480 187 115 302 730 485 1250
1331674955 130 112 44 -303 707 493 167 122 285 659 504 1170
1331674955 130 112 44 -460 657 735 148 134 271 571 563 1123
1331674955 139 172 153 -293 505 750 138 155 281 533 643 1156
1331674955 139 172 153 -179 312 824 151 120 299 589 504 1248
1331674955 128 257 248 -204 193 834 109 144 310 418 596 1282
1331674955 94 351 303 -229 -22 1165 79 83 251 295 356 1021
1331674955 94 351 303 -175 -78 1280 80 92 219 291 398 887
1331674955 52 442 321 101 -303 1122 77 88 196 279 385 800
1331674955 52 442 321 101 -303 1122 79 85 197 293 367 793
1331674955 13 515 325 120 -543 853 81 80 222 294 354 901
1331674955 13 515 325 149 -570 830 73 71 217 268 314 888
1331674955 -33 576 295 264 -712 616 61 94 232 225 402 943
1331674955 -85 654 246 369 -844 509 62 98 245 225 417 1004
1331674955 -85 654 246 377 -816 400 61 68 250 229 291 1023
1331674955 -119 708 154 428 -856 388 52 76 271 202 325 1118
1331674955 -123 717 45 501 -982 121 37 57 261 128 248 1089
1331674955 -123 717 45 558 -963 -115 38 48 250 127 223 1022
1331674955 -121 704 -44 503 -912 -163 35 52 218 115 239 881
1331674956 -107 687 -109 518 -842 -274 41 49 174 135 223 709
1331674956 -107 687 -109 540 -821 -508 55 44 155 188 212 622
1331674956 -96 658 -156 476 -732 -617 52 30 161 194 142 655
1331674956 -96 658 -156 484 -626 -624 50 -12 149 167 -12 600
1331674956 -99 639 -191 421 -618 -650 50 -10 115 172 -7 443
1331674956 -93 622 -221 461 -491 -581 50 -22 62 182 -61 236
1331674956 -93 622 -221 428 -409 -567 42 -29 40 147 -88 131
1331674956 -99 598 -236 360 -394 -796 34 -32 49 101 -86 166
1331674956 -106 595 -242 386 -388 -800 26 -36 57 72 -103 193
1331674956 -106 595 -242 447 -383 -777 31 -31 61 98 -89 216
1331674956 -106 590 -248 452 -382 -656 37 -22 38 118 -51 127
1331674956 -106 586 -253 462 -363 -588 33 -34 -23 93 -97 -134
1331674956 -106 586 -253 453 -383 -581 23 -38 -99 54 -103 -435
1331674956 -109 601 -240 450 -475 -611 19 -58 -171 22 -169 -734
1331674956 -115 642 -184 607 -725 -576 44 -106 -247 123 -364 -1067
1331674956 -115 642 -184 554 -858 -280 53 -139 -348 185 -519 -1532
1331674956 -139 680 -81 637 -880 -378 26 -174 -351 81 -660 -1541
1331674956 -141 697 30 615 -763 -58 9 -206 -326 8 -792 -1452
1331674956 -132 673 141 576 -914 30 -9 -197 -272 -45 -768 -1155
1331674956 -132 673 141 556 -692 423 -6 -194 -252 -73 -717 -1086
1331674956 -105 630 223 450 -683 525 -16 -63 -224 -111 -201 -952
1331674956 -105 630 223 428 -588 804 7 -88 -210 -22 -292 -891
1331674956 -69 568 282 370 -573 957 13 -57 -166 10 -180 -720
1331674957 -55 507 324 342 -463 821 17 -47 -119 27 -138 -511
1331674957 -55 507 324 300 -213 832 6 -40 -86 -19 -114 -378
1331674957 -27 467 338 273 -126 1003 11 -20 -70 2 -32 -313
1331674957 -27 467 338 279 -58 973 11 -20 -78 -2 -31 -340
1331674957 -33 430 336 276 -25 889 10 -91 -92 0 -313 -396
1331674957 -27 395 338 213 -78 859 -3 -94 -6 -41 -338 -65
1331674957 -27 395 338 144 126 1358 14 -9 -79 16 10 -347
1331674957 -3 386 335 183 9 1017 66 34 -92 218 187 -397
1331674957 -14 341 335 183 9 1017 60 23 -47 198 137 -238
1331674957 -14 341 335 247 221 754 10 -11 -50 -6 2 -248
1331674957 -23 320 338 172 107 905 5 -53 -18 -18 -169 -116
1331674957 -23 320 338 202 343 901 15 -55 -14 13 -167 -96
1331674957 -11 294 335 263 337 876 28 -38 -2 72 -109 -52
1331674957 -14 285 329 58 295 737 5 30 30 -17 159 93
1331674957 -14 285 329 228 86 571 10 24 104 25 124 403
1331674957 -26 297 338 383 189 777 38 51 122 119 241 470
1331674957 -35 327 344 372 91 1053 34 40 90 118 187 352
1331674957 -35 327 344 437 61 1279 52 33 56 170 174 192
1331674957 -65 354 350 408 -45 1325 49 9 0 159 78 -35
1331674957 -65 351 350 593 -43 1144 56 11 -26 196 79 -136
1331674957 -65 351 350 641 -37 1061 86 6 -30 303 70 -163
1331674957 -73 344 351 696 86 932 110 12 -52 404 93 -255
1331674957 -72 317 348 629 109 884 125 -41 -102 462 -116 -448
1331674957 -72 317 348 655 226 700 152 -67 -131 576 -222 -561
1331674958 -57 273 339 271 387 402 150 -77 -119 557 -254 -521
1331674958 -57 273 339 105 403 305 117 -99 -107 416 -338 -464
1331674958 -34 236 321 48 610 63 98 -127 -20 353 -461 -134
1331674958 -1 222 300 -71 692 -90 78 15 103 277 96 397
1331674958 -1 222 300 -103 757 165 48 -13 142 164 -17 564
1331674958 -5 261 312 -190 534 744 31 -27 167 94 -73 662
1331674958 -10 318 321 -54 479 1076 30 -4 156 92 17 614
1331674958 -10 318 321 -30 449 1156 27 -40 126 79 -131 498
1331674958 -14 361 315 57 280 1198 51 -48 95 167 -146 361
1331674958 -15 393 302 74 337 747 60 -25 92 211 -61 341
1331674958 -15 393 302 -159 154 772 23 9 194 70 63 787
1331674958 -37 417 291 3 38 687 16 -22 286 39 -56 1182
1331674958 -37 417 291 -23 -265 1613 27 -49 189 76 -159 757
1331674958 -52 482 280 -41 -215 1632 3 -29 56 -24 -76 187
1331674958 -44 499 281 -189 -232 1332 20 -184 2 48 -695 -21
1331674958 -44 499 281 447 -274 749 42 -62 52 133 -211 176
1331674958 -38 484 279 -77 -289 910 25 -70 -4 74 -245 -43
1331674958 -36 483 282 15 -284 999 39 -108 -19 111 -386 -119
1331674958 -36 483 282 76 -16 872 47 -131 14 153 -481 25
1331674958 -6 475 271 -119 -156 1004 25 -36 14 65 -101 23
1331674958 -7 475 269 -18 -135 1001 36 -25 18 103 -51 34
1331674958 -7 475 269 -95 -174 1030 27 -18 18 88 -44 43
1331674958 -12 476 278 -101 -157 1008 30 -22 17 85 -45 36
1331674959 -12 476 278 -106 -162 1013 32 -21 17 93 -39 31
1331674959 -3 482 268 -101 -171 1022 32 -21 17 90 -38 23
