1331675222 -6 478 276 -105 -169 1019 29 -18 14 89 -39 34
1331675222 -3 480 277 -109 -166 1022 35 -23 16 95 -41 29
1331675222 -3 480 277 -103 -168 1019 32 -23 17 87 -40 28
1331675223 -4 485 278 -90 -147 1026 28 -18 13 85 -40 37
1331675223 -4 485 278 -119 -161 1004 22 -17 25 50 -24 57
1331675223 5 478 274 -119 -161 1004 29 -17 22 82 -26 44
1331675223 5 478 274 -112 -177 1010 30 -27 24 80 -65 68
1331675223 -2 479 272 -121 -164 975 34 -11 47 102 -5 149
1331675223 -8 481 272 -42 -206 1106 37 -35 44 107 -94 140
1331675223 -8 481 272 -71 -233 923 50 -8 70 163 11 250
1331675223 -5 494 269 -221 -276 909 39 59 109 140 260 434
1331675223 -24 520 274 -361 -483 972 35 72 148 113 316 583
1331675223 -24 520 274 62 -649 1421 80 151 174 289 638 700
1331675223 -38 593 254 -214 -775 1405 81 178 102 294 742 382
1331675223 -38 593 254 175 -592 1479 93 177 51 352 733 186
1331675223 -73 605 207 -148 -495 849 50 136 52 164 578 188
1331675223 -100 632 207 9 -412 1018 41 129 20 120 557 35
1331675223 -100 632 207 117 -368 931 18 107 -28 40 465 -164
1331675223 -106 637 230 211 -284 882 21 61 -91 37 293 -403
1331675223 -106 637 230 172 -119 546 -10 53 -95 -80 256 -420
1331675223 -100 595 273 -8 -251 287 -84 76 -46 -378 346 -222
1331675223 -100 595 273 96 -343 379 -132 63 -92 -572 302 -402
1331675223 -106 578 274 2043 -1061 -570 75 -2 7 267 34 -10
1331675223 -118 558 286 784 -609 462 62 36 -145 207 192 -596
1331675223 -118 558 286 1291 -912 1456 218 52 -426 850 242 -1856
1331675223 -145 495 332 1196 -2007 969 478 18 -569 1765 118 -2214
1331675223 -145 495 332 1596 -2047 878 568 13 -587 1770 94 -2214
1331675224 -154 271 342 -714 -521 -258 378 234 -403 1495 990 -1742
1331675224 -102 101 225 -714 -521 -258 119 196 -85 445 818 -370
1331675224 -102 101 225 -1329 1345 -1653 -147 -80 233 -616 -286 945
1331675224 -112 84 209 -1696 2000 -1268 -475 -138 565 -1963 -535 1722
1331675224 -112 84 209 -134 -224 -674 -791 -589 675 -2246 -1755 1722
1331675224 -166 231 318 1200 -1916 891 -141 -165 429 -572 -643 1720
1331675224 -130 474 340 2043 -2047 2044 155 181 -35 572 773 -193
1331675224 -203 422 342 1594 -1328 2014 445 135 -426 1760 589 -1864
1331675224 -203 422 342 -182 -1796 99 373 88 -449 1482 371 -1955
1331675224 -214 202 301 -1868 1390 -1316 128 117 -287 498 484 -1215
1331675224 -214 202 301 -1868 1390 -1316 -161 -61 -72 -695 -189 -320
1331675224 -222 147 248 -1461 2044 -1970 -428 -186 281 -1773 -718 1156
1331675224 -223 296 329 -49 669 -414 -369 -324 365 -1496 -1276 1550
1331675224 -223 296 329 9 -146 201 -70 -136 183 -314 -506 738
1331675224 -156 416 361 9 -146 201 225 48 -128 865 239 -539
1331675224 -156 416 361 1420 -1284 1533 514 7 -328 1783 61 -1415
1331675224 -165 321 350 1420 -1284 1533 572 -10 -195 1772 19 -832
1331675224 -165 321 350 -875 399 -174 593 43 -118 1768 214 -500
1331675224 -136 206 323 -824 826 -161 648 -142 -26 1765 -518 -155
1331675224 -4 200 301 -1372 566 -737 514 -374 88 1766 -1462 330
1331675224 -4 200 301 -1226 821 -552 374 -421 201 1489 -1662 812
1331675224 126 296 246 -1011 588 -252 368 -286 370 1474 -1126 1557
1331675224 126 296 246 -1173 -267 -134 403 -6 581 1639 -24 1720
1331675224 162 478 153 -924 -1404 932 368 321 631 1488 1330 1723
1331675224 89 623 42 -507 -1634 1542 345 292 479 1384 1211 1722
1331675225 89 623 42 -800 -1424 1063 316 256 455 1277 1039 1722
1331675225 16 675 -45 -591 -851 269 256 105 381 1018 440 1609
1331675225 -46 663 -142 -756 -1100 61 195 -11 290 772 -26 1211
1331675225 -46 663 -142 -745 -930 1603 91 -27 72 351 -83 266
1331675225 -72 648 -199 -637 -1061 913 -13 -93 -25 -91 -327 -143
1331675225 -72 648 -199 -535 -1140 250 -137 -138 -133 -588 -500 -557
1331675225 -74 650 -177 -654 -1202 588 -243 -105 -215 -1027 -357 -916
1331675225 -74 650 -177 -811 -1173 1074 -274 9 -308 -1122 70 -1310
1331675225 -18 674 -118 -750 -1031 846 -251 45 -393 -1029 207 -1684
1331675225 60 665 10 -807 -1108 915 -241 29 -470 -1006 163 -2053
1331675225 60 665 10 -640 -1253 1014 -239 22 -591 -1001 136 -2217
1331675225 111 580 155 -627 -1301 713 -162 -28 -585 -690 -61 -2211
1331675225 111 580 155 -606 -1034 942 -95 43 -639 -431 229 -2214
1331675225 138 406 236 -939 -799 1049 -99 224 -629 -433 931 -2223
1331675225 94 205 227 -794 -570 -222 -107 326 -501 -460 1342 -2149
1331675225 94 205 227 -965 37 -455 -160 333 -427 -665 1356 -1792
1331675225 12 78 153 -1357 658 -674 -308 203 -393 -1254 833 -1696
1331675225 12 78 153 -941 628 -1084 -412 79 -358 -1717 346 -1556
1331675225 -99 12 20 -813 385 -1107 -531 -47 -325 -2166 -160 -1378
1331675225 -261 62 -103 -229 70 -318 -612 -90 -371 -2233 -320 -1619
1331675225 -261 62 -103 84 -218 -442 -625 -73 -368 -2275 -253 -1572
1331675225 -391 272 -175 270 -420 -473 -625 -139 -314 -2237 -521 -1352
1331675225 -374 532 -116 144 -1532 -1757 -523 -418 -170 -2168 -1608 -757
1331675225 -374 532 -116 -328 -1292 -266 -543 -417 -114 -2192 -1625 -489
1331675225 -265 671 4 -594 -1363 -1127 -535 -408 80 -2184 -1594 289
1331675226 -265 671 4 -594 -1363 -1127 -457 -298 105 -1915 -1152 399
1331675226 -101 718 19 -36 -1173 -54 -325 -202 99 -1335 -772 378
1331675226 22 686 -27 -145 -951 -516 -195 -253 74 -821 -963 263
1331675226 22 686 -27 -44 -728 -381 -221 -596 -104 -923 -1768 -463
1331675226 59 668 -62 -44 -728 -381 120 -265 -209 433 -1003 -903
1331675226 59 668 -62 660 -1505 118 231 -82 -315 906 -300 -1350
1331675226 20 687 -16 348 -1364 178 327 120 -320 1295 512 -1380
1331675226 -60 695 107 119 -1552 283 422 352 -243 1649 1522 -1035
1331675226 -60 695 107 157 -1509 176 535 534 -163 1770 2041 -672
1331675226 -232 661 163 400 -1504 194 629 600 -36 1768 2177 -185
1331675226 -232 661 163 -146 -1635 664 564 650 46 1766 2178 152
1331675226 -420 509 19 -183 -292 -51 326 617 87 1293 2195 343
1331675226 -377 351 -216 -223 -182 302 221 605 83 867 2212 317
1331675226 -377 351 -216 -638 -58 -644 140 672 18 528 2217 40
1331675226 -187 308 -355 -826 -52 -704 84 592 34 306 2264 106
1331675226 16 303 -334 -1304 23 -624 35 435 -11 114 1807 -90
1331675226 16 303 -334 -1345 -266 -779 60 205 74 212 855 273
1331675226 122 307 -256 -1305 -216 -492 77 65 41 270 300 130
1331675226 142 318 -234 -1404 -113 -229 46 -20 44 149 -35 144
1331675226 142 318 -234 -1429 -211 -158 17 -281 44 37 -1089 151
1331675226 105 310 -270 -1597 -174 -746 -62 -715 91 -287 -1761 334
1331675226 105 310 -270 -1581 121 -683 -57 -806 105 -260 -1766 394
1331675226 -92 271 -351 -908 -271 -1016 1 -845 154 -32 -1763 611
1331675226 -92 271 -351 -1048 -555 -232 -51 -772 52 -236 -1766 170
1331675227 -328 235 -241 184 265 -639 -18 -724 144 -92 -1791 577
1331675227 -424 233 -12 181 221 -281 16 -626 92 27 -1764 342
1331675227 -424 233 -12 948 -119 -84 97 -562 115 354 -1767 450
1331675227 -365 251 201 611 95 80 168 -612 130 651 -1761 506
1331675227 -365 251 201 528 -135 543 217 -632 28 829 -1763 72
1331675227 -11 253 334 -226 264 1216 206 -755 -222 777 -1774 -1002
1331675227 -11 253 334 -32 589 1075 106 -305 -129 377 -1171 -561
1331675227 -11 253 334 -160 153 793 98 -307 -20 347 -1176 -131
1331675227 88 213 253 -1440 -35 -86 73 -590 -17 252 -1764 -126
1331675227 165 215 142 -710 1037 791 15 -501 -58 17 -1766 -266
1331675227 165 215 142 -1158 718 1208 -69 -453 -206 -328 -1755 -902
1331675227 182 192 -13 -1233 424 1273 -185 -262 -370 -767 -1012 -1640
1331675227 122 167 -171 -796 468 167 -241 -195 -371 -992 -741 -1656
1331675227 122 167 -171 -465 623 8 -186 -207 -453 -764 -794 -1939
1331675227 46 211 -281 52 401 -441 -142 -250 -444 -601 -959 -1906
1331675227 -35 343 -350 84 379 -37 -70 -183 -507 -304 -709 -2079
1331675227 -35 343 -350 648 -156 -697 12 -51 -465 16 -167 -2016
1331675227 -61 510 -314 842 -430 -666 166 -107 -375 640 -394 -1650
1331675227 -61 510 -314 636 -530 -1684 235 -144 -237 934 -553 -1026
1331675227 -120 623 -242 636 -530 -1684 189 -196 -144 716 -730 -618
1331675227 -186 646 -179 -119 -469 -1292 80 -170 -89 283 -631 -389
1331675227 -186 646 -179 63 -237 -928 -9 -37 -36 -78 -101 -196
1331675227 -200 653 -150 165 -340 -1085 -17 60 10 -115 291 6
1331675227 -200 653 -150 476 -144 -1780 -5 149 139 -44 620 558
1331675228 -175 651 -166 147 -91 -1983 -59 182 290 -252 747 1195
1331675228 -175 651 -166 -204 -155 -1919 -169 146 454 -686 596 1723
1331675228 -111 608 -267 -113 -488 -1651 -247 283 463 -982 1125 1717
1331675228 -12 438 -333 -72 -577 -642 -300 424 395 -1214 1714 1667
1331675228 -12 438 -333 -75 -165 -431 -348 331 244 -1404 1324 1009
1331675228 94 271 -263 156 619 -1044 -341 270 253 -1393 1089 1030
1331675228 94 271 -263 148 734 -588 -215 185 158 -884 760 644
1331675228 111 141 -151 624 1022 -1288 51 84 277 178 354 1138
1331675228 103 94 -67 670 693 -1043 196 -133 362 772 -503 1508
1331675228 103 94 -67 520 568 -1196 341 -318 416 1367 -1260 1684
1331675228 150 139 7 -423 -293 -435 524 -577 374 1756 -1755 1557
1331675228 150 139 7 -504 -453 157 346 -253 283 1378 -986 1164
1331675228 211 252 -38 -2048 460 1435 80 329 251 300 1345 1033
1331675228 205 309 7 -1606 479 912 -15 466 317 -79 1923 1309
1331675228 205 309 7 -1249 454 665 -89 380 441 -374 1559 1724
1331675228 168 326 181 -643 376 1216 -60 267 301 -256 1083 1242
1331675228 103 375 272 375 157 1175 -39 147 153 -191 619 609
1331675228 103 375 272 837 36 361 64 43 153 236 198 619
1331675228 57 410 306 528 -13 753 144 11 118 558 75 468
1331675228 38 459 302 -860 -805 2044 84 258 -34 298 1074 -172
1331675228 38 459 302 254 244 1956 108 -58 -29 410 -207 -149
1331675228 -67 440 348 552 -716 786 72 226 -39 244 945 -203
1331675228 -67 440 348 306 -332 944 13 235 -59 2 982 -251
1331675228 -148 418 355 433 -133 1338 51 312 -150 168 1286 -621
1331675228 -247 358 324 457 -283 851 48 443 -158 148 1854 -654
1331675229 -247 358 324 278 176 360 5 441 -117 -19 1839 -505
1331675229 -371 309 218 302 -3 68 -22 349 -79 -128 1432 -333
1331675229 -371 309 218 441 -13 -159 -59 506 -134 -289 2085 -577
1331675229 -435 307 65 362 -96 31 -50 569 -184 -244 2225 -779
1331675229 -416 333 -145 264 -237 -760 9 571 -170 -18 2222 -723
1331675229 -416 333 -145 317 -346 -703 57 535 -199 176 2159 -837
1331675229 -300 385 -305 -38 -668 -1179 162 459 -107 611 1921 -456
1331675229 -300 385 -305 -15 -209 -1272 207 578 109 797 2185 418
1331675229 -148 392 -358 -507 -925 -1525 191 388 181 742 1627 726
1331675229 -148 392 -358 -633 -494 -879 145 235 241 556 965 981
1331675229 -24 343 -340 -592 -355 -936 140 109 262 550 451 1095
1331675229 49 275 -302 -570 -456 -554 188 135 220 734 562 890
1331675229 49 275 -302 -641 -217 -370 157 176 116 602 735 449
1331675229 102 245 -255 -1213 -159 -1107 94 155 176 354 650 705
1331675229 136 240 -196 -920 -89 -848 51 125 192 187 523 778
1331675229 136 240 -196 -806 -134 -708 45 162 224 157 673 918
1331675229 155 217 -119 -764 -285 -467 83 170 194 307 705 777
1331675229 155 217 -119 -718 -194 -722 84 157 144 320 649 589
1331675229 175 210 -37 -742 -309 -526 163 71 98 632 312 373
1331675229 200 248 4 -768 -133 -652 178 31 103 686 159 393
1331675229 200 248 4 -998 -73 -220 158 79 111 617 338 436
1331675229 206 293 39 -969 -232 -294 124 137 205 476 573 822
1331675229 203 343 96 -1276 -163 -391 81 125 239 302 527 985
1331675229 203 343 96 -1172 -187 -167 36 176 277 122 723 1134
1331675229 188 378 154 -1167 -374 -59 23 229 295 74 935 1220
1331675230 188 378 154 -942 -474 93 28 219 278 101 888 1147
1331675230 149 438 213 -952 -646 171 37 214 297 127 878 1226
1331675230 89 478 257 -868 -620 43 86 480 293 327 1987 1207
1331675230 89 478 257 -961 -395 473 18 262 182 53 1068 736
1331675230 -4 542 287 -720 -510 597 -4 225 189 -46 922 772
1331675230 -4 542 287 -768 -368 573 -17 146 154 -95 610 613
1331675230 -54 589 274 -781 -553 518 -10 161 175 -59 662 710
1331675230 -89 626 241 -792 -637 356 -13 165 196 -81 685 793
1331675230 -89 626 241 -598 -710 710 0 82 182 -28 360 738
1331675230 -100 663 189 -651 -628 637 -9 12 161 -49 67 653
1331675230 -100 663 189 -765 -614 464 -40 -50 155 -192 -163 613
1331675230 -93 691 135 -706 -826 443 -40 -15 111 -200 -13 434
1331675230 -93 691 135 -706 -826 443 -10 2 62 -76 46 233
1331675230 -76 705 95 -482 -656 648 33 -45 20 88 -133 45
1331675230 -67 706 91 -594 -647 613 22 -126 -68 53 -456 -285
1331675230 -67 706 91 -517 -547 738 39 -192 -197 110 -710 -842
1331675230 -51 694 119 -554 -817 1012 65 -189 -310 234 -720 -1355
1331675230 -51 694 119 -635 -901 961 54 -159 -381 194 -606 -1659
1331675230 -46 641 201 -764 -1004 544 76 -208 -448 266 -785 -1946
1331675230 -8 536 287 -289 -907 642 148 -273 -529 569 -1057 -2116
1331675230 46 397 314 -401 -947 486 233 -260 -539 895 -993 -2154
1331675230 46 397 314 -604 -885 34 241 -214 -447 949 -822 -1907
1331675230 106 281 244 -1061 -624 -341 207 -249 -353 815 -969 -1551
1331675230 106 281 244 -1098 -275 205 151 -272 -354 581 -1058 -1582
1331675231 167 258 140 -1099 -17 161 114 -188 -321 445 -727 -1414
1331675231 189 251 36 -1230 -177 22 54 -191 -319 196 -738 -1385
1331675231 189 251 36 -1057 -39 -81 54 -193 -319 192 -742 -1391
1331675231 190 259 -54 -1025 -302 87 49 -181 -340 167 -688 -1508
1331675231 190 259 -54 -910 -422 201 56 -181 -417 191 -686 -1818
1331675231 181 305 -143 -889 -465 147 58 -188 -502 211 -719 -2062
1331675231 149 414 -202 -838 -507 -150 25 -194 -473 60 -730 -2010
1331675231 149 414 -202 -813 -783 126 -18 -171 -535 -111 -643 -2165
1331675231 118 511 -197 -510 -1069 -46 -22 -184 -540 -130 -682 -2167
1331675231 118 511 -197 -493 -1259 63 6 -146 -455 -3 -549 -1967
1331675231 91 594 -123 -802 -856 275 23 -48 -387 61 -154 -1677
1331675231 89 623 -43 -554 -417 -163 27 108 -316 81 471 -1366
1331675231 89 623 -43 -1165 -583 -335 81 37 -205 286 196 -869
1331675231 82 633 35 -1236 -432 -191 68 -29 -218 223 -61 -934
1331675231 82 633 35 -1052 -429 -492 73 -77 -102 251 -266 -421
1331675231 81 632 96 -1043 -481 -503 86 -93 32 311 -332 90
1331675231 69 639 84 -1093 -480 -67 170 -95 144 652 -348 566
1331675231 69 639 84 -819 -537 -308 239 -58 307 953 -214 1286
1331675231 32 664 25 -521 -1423 50 299 -41 384 1203 -152 1628
1331675231 32 664 25 -521 -1423 50 376 -82 391 1504 -312 1641
1331675231 -48 697 -81 -435 -1523 -344 401 -9 569 1622 -31 1723
1331675231 -48 697 -81 -201 -1723 256 409 -34 477 1657 -126 1721
1331675231 -162 614 -268 -507 -1812 -421 389 63 604 1578 257 1723
1331675231 -188 400 -355 -480 -1643 -741 351 84 612 1417 339 1725
1331675231 -188 400 -355 -538 -476 -674 293 124 588 1186 493 1719
1331675232 -119 172 -316 -295 193 -1109 244 137 554 981 557 1724
1331675232 -119 172 -316 -496 109 -528 245 178 526 983 724 1722
1331675232 -32 42 -146 -700 -13 -381 198 227 487 796 911 1722
1331675232 32 47 55 -609 293 -233 199 122 415 795 497 1719
1331675232 32 47 55 -549 307 292 194 -7 184 757 1 739
1331675232 70 122 179 -1160 17 411 157 -58 -9 596 -187 -86
1331675232 70 122 179 -1373 365 838 63 -71 -222 204 -228 -936
1331675232 95 150 174 -1283 495 554 -85 -122 -438 -364 -453 -1925
1331675232 89 95 63 -1151 271 -10 -111 -144 -505 -482 -534 -2103
1331675232 89 95 63 -737 -285 175 -83 -156 -603 -380 -569 -2198
1331675232 57 83 -137 -748 -450 61 -69 -73 -679 -318 -241 -2210
1331675232 13 216 -297 -748 -450 61 -99 31 -577 -428 158 -2265
1331675232 13 216 -297 -748 -450 61 -136 45 -495 -581 215 -2119
1331675232 20 390 -337 -779 -894 -399 -208 -141 -621 -859 -522 -2201
1331675232 20 390 -337 -568 -1006 -770 -266 -254 -542 -1110 -964 -2168
1331675232 26 581 -279 -489 -823 -219 -208 -252 -473 -872 -966 -1987
1331675232 26 581 -279 -750 -1492 -420 -186 -232 -380 -778 -886 -1694
1331675232 35 656 -147 -773 -933 210 -152 35 -260 -615 158 -1101
1331675232 48 649 -63 -1021 -1047 -459 -128 495 -103 -559 2084 -482
1331675232 48 649 -63 -997 -864 -301 -120 -39 -361 -515 -125 -1545
1331675232 76 628 -2 -1024 -715 -1030 -36 -480 116 -165 -1760 459
1331675232 88 616 -5 -1168 -726 -1389 -32 101 194 -153 414 778
1331675232 88 616 -5 -739 -487 -1069 117 99 455 465 411 1718
1331675232 95 611 -76 -455 -533 -694 158 114 546 640 458 1723
1331675232 95 611 -76 -412 -960 -425 223 24 576 895 103 1746
1331675233 92 572 -183 -443 -1383 -171 262 -18 584 1060 -71 1722
1331675233 89 480 -315 -1005 -1893 -85 219 54 592 881 218 1725
1331675233 89 480 -315 -747 -1365 -297 216 114 611 869 462 1725
1331675233 86 319 -310 -866 -1082 -320 171 106 627 694 422 1720
1331675233 86 319 -310 -1278 -238 -353 95 32 488 372 142 1723
1331675233 135 194 -187 -1366 -440 154 57 -40 441 215 -140 1723
1331675233 130 146 -92 -1156 -325 -312 48 -69 412 180 -257 1721
1331675233 130 146 -92 -1110 -700 -309 83 37 463 321 162 1724
1331675233 137 141 11 -931 -469 -215 101 95 420 408 386 1720
1331675233 137 141 11 -1019 241 219 62 91 311 230 387 1281
1331675233 143 182 126 -1253 20 46 -3 49 193 -31 218 780
1331675233 134 210 186 -1220 253 440 -31 -59 -28 -167 -186 -169
1331675233 134 210 186 -1165 373 786 -80 -71 -291 -342 -257 -1240
1331675233 126 166 159 -1165 373 786 -113 -47 -451 -482 -149 -1978
1331675233 102 95 10 -625 -332 -30 -102 -91 -640 -449 -318 -2201
1331675233 102 95 10 -734 -499 -15 -72 -111 -559 -331 -393 -2199
1331675233 62 113 -183 -1000 -372 -5 -63 24 -521 -291 139 -2176
1331675233 62 113 -183 -1188 -257 -116 -84 102 -479 -369 443 -2062
1331675233 60 235 -280 -1037 -939 -349 -49 66 -513 -238 311 -2139
1331675233 60 235 -280 -1062 -893 -660 -93 -108 -542 -419 -381 -2179
1331675233 76 374 -312 -620 -884 -320 -162 -309 -688 -692 -1183 -2180
1331675233 31 558 -270 -684 -956 -1044 -165 -263 -528 -705 -1002 -2127
1331675233 31 558 -270 -633 -1067 -257 -164 -247 -477 -694 -944 -1995
1331675233 19 633 -149 -711 -1391 -491 -59 -5 -220 -288 38 -928
1331675233 19 633 -149 -688 -1340 -269 -1 97 -142 -51 433 -621
1331675234 36 657 -72 -687 -877 -1388 125 27 56 466 147 198
1331675234 29 663 -46 -643 -856 -1344 255 -15 232 1005 -29 951
1331675234 29 663 -46 -582 -671 -1247 380 17 417 1522 89 1743
1331675234 -33 683 -138 -582 -671 -1247 435 70 637 1751 273 1721
1331675234 -111 559 -323 -804 -1972 -207 400 -75 507 1610 -283 1725
1331675234 -111 559 -323 -920 -1660 654 358 -83 394 1438 -317 1661
1331675234 -167 382 -364 18 -1189 -855 398 -124 497 1610 -483 1721
1331675234 -167 382 -364 -189 -1009 -876 406 -216 422 1633 -849 1721
1331675234 -162 186 -311 -540 -638 -1260 409 -202 399 1647 -789 1678
1331675234 -112 63 -200 -773 -357 -649 380 -76 320 1519 -279 1328
1331675234 -112 63 -200 -505 -250 -999 331 -15 327 1315 -37 1352
1331675234 -27 33 -89 184 289 -1362 385 -197 321 1536 -759 1335
1331675234 -27 33 -89 -469 228 -941 328 -127 405 1314 -488 1708
1331675234 61 63 24 -934 256 81 320 -170 329 1268 -656 1377
1331675234 139 152 116 -934 256 81 340 -102 406 1362 -390 1709
1331675234 139 152 116 -833 53 -540 402 -207 425 1615 -805 1722
1331675234 193 308 141 -1061 -728 -483 367 -175 439 1470 -682 1719
1331675234 193 308 141 -1414 -140 258 228 -53 369 903 -195 1540
1331675234 192 465 83 -1192 -179 413 141 19 331 548 98 1387
1331675234 159 540 35 -1389 -239 662 99 -37 227 388 -129 925
1331675234 159 540 35 -1624 19 693 58 -71 73 192 -239 265
1331675234 153 554 5 -1341 4 1269 -6 -38 -161 -63 -104 -664
1331675234 153 554 5 -1223 -17 1283 -67 58 -369 -289 263 -1605
1331675234 163 546 32 -1415 -468 929 -90 74 -495 -399 336 -2099
1331675235 180 461 121 -626 -429 522 -80 -25 -577 -358 -46 -2260
1331675235 180 461 121 -1132 -685 323 -91 42 -629 -404 214 -2193
1331675235 186 332 135 -800 -784 -148 -37 125 -481 -182 536 -2074
1331675235 186 332 135 -965 -516 -748 -1 69 -430 -42 315 -1890
1331675235 178 248 109 -1273 -101 -1031 -134 -137 -185 -580 -490 -787
1331675235 159 177 49 -1949 430 -1491 -330 -213 -22 -1359 -811 -119
1331675235 159 177 49 -1806 585 -265 -490 -246 -55 -2064 -931 -253
1331675235 78 77 -12 -1809 419 204 -615 -171 -68 -2231 -629 -302
1331675235 78 77 -12 -1448 -53 -298 -619 -134 -158 -2224 -471 -677
1331675235 -115 24 -72 -333 -568 152 -601 -154 -256 -2235 -578 -1099
1331675235 -317 107 -129 -384 -221 263 -628 89 -268 -2234 386 -1143
1331675235 -317 107 -129 25 -675 -405 -620 -157 -265 -2237 -602 -1143
1331675235 -417 334 -134 199 -930 -307 -596 -338 -243 -2225 -1286 -1085
1331675235 -386 567 -25 -290 -2047 45 -521 -455 -125 -2153 -1763 -546
1331675235 -386 567 -25 -368 -1330 -552 -495 -481 36 -2085 -1764 98
1331675235 -240 687 80 -464 -1886 -55 -416 -379 91 -1747 -1468 340
1331675235 -240 687 80 -464 -1886 -55 -375 -192 111 -1537 -731 440
1331675235 -66 690 70 -369 -1411 106 -306 -173 19 -1263 -649 42
1331675235 27 655 58 -338 -1166 -382 -226 -177 35 -949 -658 111
1331675235 27 655 58 -330 -1109 -290 -126 -169 -39 -539 -627 -206
1331675235 73 623 46 -134 -1102 -156 -11 -137 -187 -89 -492 -804
1331675235 73 623 46 -104 -1044 -177 69 -141 -256 267 -545 -1082
1331675235 87 612 76 -104 -1044 -177 112 -152 -314 429 -578 -1375
1331675235 73 590 116 178 -1142 398 158 -161 -439 604 -608 -1908
1331675235 73 590 116 130 -1452 352 161 -143 -491 616 -531 -2063
1331675236 75 546 176 -195 -1167 -56 119 -100 -509 437 -352 -2124
1331675236 75 546 176 -846 -999 301 45 30 -456 155 152 -1998
1331675236 59 453 252 -685 -1058 502 13 -36 -383 30 -116 -1654
1331675236 71 341 265 38 -796 708 -7 -174 -391 -59 -657 -1716
1331675236 71 341 265 -140 -447 1357 66 -74 -462 244 -263 -1995
1331675236 109 221 186 -343 -330 1405 46 -2 -426 154 24 -1873
1331675236 109 221 186 -371 17 286 57 -116 -356 202 -430 -1551
1331675236 128 162 92 -237 127 514 89 -248 -260 354 -972 -1130
1331675236 128 162 92 -94 356 399 50 -75 -169 145 -250 -724
1331675236 155 183 -11 -537 937 542 -19 -102 -108 -119 -363 -467
1331675236 156 190 -71 -249 819 -117 33 -30 113 101 -83 435
1331675236 156 190 -71 -261 807 31 92 7 262 344 54 1077
1331675236 153 186 -44 -342 673 -187 159 22 467 629 98 1720
1331675236 153 186 -44 -342 673 -187 237 53 606 959 218 1721
1331675236 153 216 54 -444 -764 688 285 130 613 1151 528 1722
1331675236 153 216 54 -911 -1052 1105 227 130 528 920 520 1719
1331675236 125 354 164 -788 -716 1476 173 67 387 684 282 1641
1331675236 90 518 173 -662 -827 1214 145 -14 233 557 -25 943
1331675236 90 518 173 -92 -1339 1901 114 -125 -209 408 -440 -890
1331675236 70 560 141 -186 -1292 1860 6 -125 -638 -25 -443 -2203
1331675236 119 463 182 -281 -787 1653 -125 -166 -731 -553 -611 -2198
1331675236 119 463 182 -439 -929 218 -141 -198 -693 -598 -744 -2190
1331675236 178 300 135 -112 -703 -365 -48 -186 -358 -216 -707 -1579
1331675236 178 300 135 -102 83 -458 101 -67 57 369 -226 204
1331675236 192 240 37 158 327 -863 247 -110 516 1008 -437 1719
1331675237 194 327 60 -1309 -1157 1142 258 39 513 1037 163 1724
1331675237 194 327 60 -743 -896 1748 176 114 322 697 471 1330
1331675237 144 429 118 -1029 237 1629 88 -43 14 319 -126 17
1331675237 130 451 129 -701 -588 1901 -36 -155 -284 -165 -588 -1216
1331675237 130 451 129 -701 -588 1901 -18 -160 -443 -104 -598 -1920
1331675237 160 399 79 -581 -260 1156 71 -1 -394 254 33 -1706
1331675237 160 399 79 -369 -695 662 145 76 -250 540 349 -1048
1331675237 170 408 71 -439 -673 414 205 70 -145 779 331 -629
1331675237 163 454 114 -408 -38 445 236 129 -18 909 560 -104
1331675237 163 454 114 -575 -17 600 269 177 39 1050 745 124
1331675237 112 511 166 -741 17 838 329 144 46 1295 617 160
1331675237 112 511 166 -662 -414 591 366 69 11 1449 315 9
1331675237 64 561 193 -783 -251 839 353 -9 -33 1377 16 -180
1331675237 12 596 223 -812 -340 1115 322 -78 -129 1245 -257 -541
1331675237 12 596 223 -596 -253 831 293 -32 -116 1148 -84 -495
1331675237 -31 578 266 -689 -102 1030 263 59 -82 1010 287 -366
1331675237 -31 578 266 -592 -298 772 233 44 -19 895 222 -118
1331675237 -94 559 299 -532 -290 403 205 -39 49 792 -119 167
1331675237 -120 560 293 -666 21 561 169 -86 64 652 -314 232
1331675237 -120 560 293 -871 46 832 107 -88 63 396 -310 228
1331675237 -119 572 274 -1013 362 1263 25 -39 39 60 -112 110
1331675237 -119 572 274 -1280 427 1337 -147 57 -20 -613 263 -117
1331675237 -116 579 280 -1280 427 1337 -289 86 -18 -1198 381 -115
1331675237 -116 579 280 -1181 -137 946 -410 81 -13 -1722 371 -100
1331675237 -93 573 287 -1265 -555 538 -534 80 20 -2182 366 46
1331675238 -43 555 291 -829 -763 729 -589 75 22 -2231 338 52
1331675238 -43 555 291 -848 -904 776 -647 -40 42 -2229 -128 150
1331675238 17 510 280 -789 -453 838 -644 -107 59 -2231 -385 211
1331675238 79 394 268 -789 -453 838 -623 -143 84 -2229 -522 318
1331675238 79 394 268 -522 -1472 1028 -495 -46 206 -2066 -152 826
1331675238 64 303 294 -285 -333 1292 -423 44 139 -1748 201 559
1331675238 64 303 294 -437 -779 857 -315 2 127 -1299 47 493
1331675238 16 253 354 625 -1185 1267 -77 -23 170 -325 -64 699
1331675238 1 270 383 892 -860 936 108 65 154 410 292 611
1331675238 1 270 383 236 -915 965 245 129 241 964 545 980
1331675238 -43 347 404 569 -416 1060 437 73 299 1748 313 1248
1331675238 -43 347 404 136 -924 972 365 -164 252 1448 -618 1030
1331675238 -96 481 374 -282 -1221 950 223 -18 -30 858 -32 -151
1331675238 -96 481 374 175 -569 853 171 50 -160 667 224 -675
1331675238 -113 494 364 595 -571 637 220 -144 -177 833 -514 -764
1331675238 -107 424 371 171 -534 650 135 -183 -178 496 -676 -768
1331675238 -107 424 371 86 -308 415 -7 -226 -66 -59 -863 -272
1331675238 -61 380 370 168 640 687 -54 -102 28 -259 -357 82
1331675238 -32 378 366 140 11 781 9 -50 47 -2 -153 157
1331675238 -32 378 366 142 123 806 12 -178 85 14 -674 310
1331675238 -38 376 366 312 -555 1686 -6 -88 80 -58 -317 295
1331675238 -38 376 366 -86 -901 2044 -2 -30 3 -36 -85 -28
1331675238 0 399 352 62 -939 2044 41 294 -199 108 1235 -842
1331675238 -36 341 361 -101 36 -433 77 98 -146 264 440 -615
1331675238 -36 341 361 22 105 -1036 58 -83 -67 189 -282 -302
1331675239 -45 303 361 460 263 -1863 54 -254 13 175 -967 7
1331675239 -45 303 361 259 188 -1659 71 -243 92 255 -934 339
1331675239 10 298 343 -670 50 2044 54 -99 70 181 -353 254
1331675239 -11 317 373 -433 -254 2044 60 179 67 199 756 250
1331675239 -11 317 373 170 -81 2044 39 163 49 129 678 167
1331675239 -3 363 357 -31 -55 1270 35 194 -36 100 815 -190
1331675239 -3 363 357 -89 58 510 38 150 -88 104 649 -380
1331675239 -55 329 371 -59 62 207 34 64 -71 100 297 -316
1331675239 -94 297 369 262 184 393 28 46 -73 85 215 -312
1331675239 -94 297 369 222 21 461 46 -180 -23 145 -680 -149
1331675239 -106 278 364 553 232 710 80 -8 -3 283 10 -62
1331675239 -106 278 364 465 165 291 76 -235 67 276 -897 246
1331675239 -106 275 360 -30 242 -2047 -16 -356 147 -90 -1391 572
1331675239 -106 275 360 -506 -244 -1013 12 -851 246 25 -1761 1005
1331675239 -20 304 354 -1385 -389 1836 46 -272 92 156 -1051 354
1331675239 -32 395 439 -625 -485 2044 65 105 58 239 443 221
1331675239 -32 395 439 51 -413 2044 43 230 -24 124 964 -139
1331675239 5 392 381 0 -185 1713 37 153 -74 111 651 -325
1331675239 5 392 381 -67 163 -125 35 74 -79 100 340 -330
1331675239 -9 344 355 48 133 -277 34 -31 -16 99 -80 -106
1331675239 -22 327 360 519 121 1387 68 -74 -122 240 -255 -519
1331675239 -22 327 360 392 107 1646 84 -109 -257 320 -410 -1098
1331675239 2 281 350 57 285 1952 70 -42 -346 255 -137 -1510
1331675239 2 281 350 -37 315 1665 49 35 -359 163 176 -1533
1331675239 23 182 284 -18 343 927 20 79 -304 71 331 -1285
1331675240 16 93 210 473 -628 -247 78 -86 -356 287 -313 -1551
1331675240 25 39 87 1032 -1498 -768 220 -180 -371 862 -687 -1620
1331675240 25 39 87 1032 -1498 -768 212 -337 -71 810 -1301 -321
1331675240 91 77 -14 -1940 2044 -720 163 -123 25 616 -450 83
1331675240 111 105 -7 -1913 2044 269 -64 -36 103 -283 -106 391
1331675240 111 105 -7 -71 2044 343 -108 26 59 -477 151 205
1331675240 93 74 7 -483 1344 511 -124 8 -4 -533 75 -57
1331675240 93 74 7 3 442 58 -126 15 -20 -536 103 -116
1331675240 42 37 -4 88 352 21 -91 -23 -29 -399 -52 -166
1331675240 42 37 -4 81 371 2 -52 -28 -32 -250 -62 -171
1331675240 10 18 -20 167 656 -35 -6 -7 -22 -64 18 -131
1331675240 -14 19 -34 292 581 -112 84 -53 -44 300 -164 -224
1331675240 -14 19 -34 1587 -1079 333 300 -59 -211 1151 -171 -896
1331675240 39 43 -86 657 -1948 -473 373 -115 -104 1463 -410 -459
1331675240 39 43 -86 -2048 2044 -440 234 -80 -47 906 -274 -242
1331675240 118 131 -105 -1621 2044 -1199 4 -63 38 -15 -212 124
1331675240 116 138 -117 -725 2044 -779 -117 1 87 -506 48 321
1331675240 116 138 -117 -236 1348 -472 -140 0 104 -598 42 392
1331675240 88 86 -90 -306 891 -220 -165 2 104 -680 36 402
1331675240 88 86 -90 -254 952 -90 -152 4 90 -640 57 338
1331675240 31 35 -70 -22 723 37 -144 18 103 -613 114 396
1331675240 31 35 -70 128 632 -132 -128 63 230 -539 283 950
1331675240 -23 5 -33 701 51 -738 -65 86 446 -274 361 1721
1331675240 -70 10 96 961 -292 -1083 -84 147 549 -348 603 1721
1331675241 -70 10 96 655 -1751 -1093 -5 -246 331 -33 -972 1383
1331675241 -91 109 262 -70 -439 -691 196 -709 206 786 -1759 837
1331675241 -91 109 262 -1164 800 1725 165 -100 -45 632 -358 -211
1331675241 30 174 273 -325 1465 1643 75 105 190 276 450 763
1331675241 36 204 286 108 473 1415 -13 137 290 -70 567 1192
1331675241 36 204 286 100 189 964 -47 253 288 -209 1024 1196
1331675241 -28 286 354 100 189 964 -32 287 274 -145 1157 1124
1331675241 -28 286 354 280 7 497 -24 299 306 -112 1206 1270
1331675241 -127 383 373 140 248 -293 -57 449 294 -251 1841 1207
1331675241 -239 495 312 -541 1070 -1096 -210 213 301 -854 859 1252
1331675241 -239 495 312 -1013 1316 -1435 -203 -230 146 -834 -889 578
1331675241 -258 608 221 1476 -1952 1131 -95 -426 -12 -416 -1671 -80
1331675241 -159 628 221 1476 -1952 1131 5 -179 92 -9 -678 348
1331675241 -159 628 221 1035 -984 1214 101 227 91 374 941 337
1331675241 -148 641 212 756 -832 720 130 176 168 489 741 674
1331675241 -194 665 185 856 -628 311 166 176 141 649 723 573
1331675241 -194 665 185 611 -622 91 168 108 126 647 466 495
1331675241 -264 667 128 284 -265 -48 94 85 160 351 372 636
1331675241 -264 667 128 -508 845 -494 -27 69 212 -132 301 858
1331675241 -279 672 55 -961 1765 -347 -153 -33 128 -650 -87 493
1331675241 -225 695 19 340 -199 341 -75 -48 -25 -345 -134 -163
1331675241 -225 695 19 1496 -2047 -71 13 -27 -1 20 -70 -38
1331675241 -205 692 19 1472 -2047 -424 97 4 59 351 63 204
1331675241 -205 692 19 1472 -2047 -424 124 7 43 461 71 162
1331675241 -215 697 10 -69 916 -86 84 -28 13 305 -71 17
1331675242 -238 696 22 -509 1529 -165 -26 -72 -44 -144 -241 -222
1331675242 -238 696 22 -89 368 -89 -43 -68 -115 -224 -215 -495
1331675242 -219 685 38 992 -663 319 -17 -64 -216 -117 -197 -923
1331675242 -219 685 38 2043 -2047 147 85 -1 -295 332 15 -1255
1331675242 -215 665 113 1718 -1714 330 206 33 -370 798 169 -1602
1331675242 -215 665 113 1025 -1076 319 254 -8 -371 998 2 -1600
1331675242 -258 595 217 782 -671 448 243 78 -321 957 343 -1371
1331675242 -299 459 290 316 -421 578 194 138 -302 767 569 -1278
1331675242 -299 459 290 351 -184 204 201 180 -188 763 771 -807
1331675242 -348 321 262 -79 -19 -157 97 163 -178 334 705 -761
1331675242 -348 321 262 -620 66 -1000 68 217 -146 231 910 -615
1331675242 -389 249 176 -591 -30 -1205 135 -123 43 512 -451 138
1331675242 -393 228 123 534 271 -970 39 -390 156 128 -1529 614
1331675242 -393 228 123 534 271 -970 24 -17 53 64 -30 182
1331675242 -340 243 223 598 25 446 91 278 -64 342 1139 -273
1331675242 -340 243 223 -237 -87 -244 58 237 -35 199 977 -182
1331675242 -371 225 168 -1078 -342 -1427 24 -200 56 63 -759 186
1331675242 -360 210 167 1676 556 836 54 -286 42 183 -1105 148
1331675242 -360 210 167 2043 833 1419 18 -68 21 34 -228 48
1331675242 -311 223 244 2043 808 1358 28 296 -63 74 1218 -280
1331675242 -311 223 244 1003 277 104 37 193 -38 109 806 -193
1331675242 -357 217 189 -427 -23 -305 -24 159 3 -124 661 -13
1331675242 -367 203 153 -929 -291 -819 21 -138 83 55 -515 303
1331675242 -367 203 153 -58 53 -431 78 -414 96 275 -1636 361
1331675242 -342 214 202 1912 560 1060 4 -34 9 -9 -99 9
1331675243 -337 232 235 2043 639 931 2 294 -63 -35 1213 -277
1331675243 -337 232 235 1731 459 381 -13 342 -97 -98 1410 -426
1331675243 -394 219 128 847 152 15 -19 350 -129 -113 1435 -546
1331675243 -394 219 128 656 68 -178 -4 408 -154 -74 1704 -661
1331675243 -419 221 -16 433 23 -221 -1 400 -133 -35 1646 -566
1331675243 -387 247 -184 -49 57 -138 -27 394 -129 -136 1613 -541
1331675243 -387 247 -184 -553 -8 12 -3 199 -73 -56 840 -323
1331675243 -304 294 -298 -646 -38 130 -16 129 -20 -87 540 -109
1331675243 -249 308 -326 -712 -153 -1284 -15 311 -63 -96 1278 -273
1331675243 -249 308 -326 331 -416 -2047 -26 301 -112 -144 1235 -473
1331675243 -162 348 -367 -202 -1085 -2047 40 -220 53 123 -837 181
1331675243 -162 348 -367 -256 -210 -864 66 -223 115 241 -859 462
1331675243 -223 322 -352 -832 20 971 17 60 67 44 277 237
1331675243 -223 322 -352 -661 -30 825 30 91 -21 79 407 -129
1331675243 -232 305 -338 -61 -339 -1299 20 158 -137 35 676 -593
1331675243 -186 342 -359 290 -414 -2047 29 98 11 69 437 13
1331675243 -186 342 -359 -434 -658 -2047 42 -166 123 140 -625 479
1331675243 -168 340 -359 -361 -134 -686 51 -247 124 174 -946 483
1331675243 -168 340 -359 -493 -70 -61 9 -90 5 -2 -315 -21
1331675243 -236 306 -341 -421 1 -196 17 -75 -39 38 -256 -199
1331675243 -254 321 -335 -8 -35 -544 66 75 -12 240 324 -70
1331675243 -254 321 -335 266 -354 -2047 35 54 30 102 254 87
1331675243 -229 324 -342 -69 -311 -1227 52 -179 3 170 -667 -25
1331675243 -229 324 -342 -123 -107 -426 -57 -80 -71 -265 -277 -317
1331675244 -252 314 -336 -784 -61 416 -12 -52 -176 -97 -152 -740
1331675244 -283 363 -319 -261 -225 -440 41 -64 -139 125 -207 -591
1331675244 -283 363 -319 332 -393 -716 66 7 -2 223 74 -53
1331675244 -284 417 -314 476 -849 -1929 70 -158 125 242 -591 490
1331675244 -317 379 -290 429 -979 -1605 79 -86 143 291 -313 578
1331675244 -317 379 -290 342 -438 -620 75 46 113 267 223 434
1331675244 -316 337 -293 -80 -169 -407 24 112 67 60 485 244
1331675244 -316 337 -293 -53 -172 -389 29 174 55 75 737 203
1331675244 -274 320 -318 -126 -232 -1636 97 228 175 366 938 701
1331675244 -206 264 -336 180 -344 -2047 214 60 340 846 259 1417
1331675244 -206 264 -336 312 -485 -1964 350 -139 417 1396 -536 1724
1331675244 -173 125 -270 312 -485 -1964 365 -186 420 1470 -730 1722
1331675244 -173 125 -270 -470 -194 -752 436 -155 359 1751 -596 1508
1331675244 -108 32 -145 -380 -215 -772 496 -122 375 1760 -462 1576
1331675244 24 34 -11 -330 -223 -570 565 -139 359 1756 -543 1504
1331675244 24 34 -11 -904 -228 -213 556 -144 265 1760 -546 1086
1331675244 161 166 51 -1221 -41 -227 417 -8 169 1669 -9 692
1331675244 161 166 51 -1372 -88 -255 342 -93 128 1351 -337 506
1331675244 210 301 74 -1414 845 212 202 -116 -71 771 -415 -307
1331675244 216 363 44 -1692 493 152 43 -43 -203 131 -130 -853
1331675244 216 363 44 -1910 281 -69 -176 -40 -316 -730 -130 -1349
1331675244 216 327 27 -1704 -65 -150 -381 -121 -380 -1577 -445 -1652
1331675244 216 327 27 -1112 -697 -576 -453 -106 -403 -1899 -383 -1786
1331675244 179 202 -50 -857 -498 -679 -423 -202 -381 -1767 -773 -1675
1331675244 86 135 -173 -710 -427 -931 -384 -189 -282 -1579 -727 -1198
1331675245 86 135 -173 -389 -223 -434 -350 -91 -328 -1437 -329 -1413
1331675245 -24 159 -276 -376 -408 -138 -264 6 -449 -1079 54 -1929
1331675245 -24 159 -276 -482 -655 -507 -182 4 -505 -753 51 -2143
1331675245 -54 291 -352 -940 -1066 -340 -145 187 -536 -620 783 -2190
1331675245 2 469 -322 -931 -1069 -386 -94 262 -517 -415 1087 -2183
1331675245 2 469 -322 -1022 -1447 -837 -99 147 -379 -429 623 -1655
1331675245 67 586 -206 -1052 -1292 -591 -125 -39 -243 -558 -91 -1042
1331675245 67 586 -206 -1085 -668 -168 -179 -88 -158 -776 -286 -686
1331675245 110 603 -141 -809 -751 -81 -190 -18 -44 -785 -40 -221
1331675245 110 603 -141 -854 -617 66 -150 69 41 -621 304 139
1331675245 174 521 -112 -882 -103 58 -62 -3 169 -274 16 690
1331675245 174 521 -112 -926 -113 -8 -74 0 255 -321 28 1047
1331675245 186 457 -138 -1064 -218 161 -136 54 244 -567 238 1015
1331675245 186 457 -138 -926 75 123 -163 35 173 -684 178 690
1331675245 199 372 -130 -654 15 -75 -26 -68 120 -133 -234 464
1331675245 197 335 -136 -721 93 218 208 -53 47 811 -175 158
1331675245 197 335 -136 -886 -115 597 324 -75 -2 1264 -250 -49
1331675245 185 415 -146 -1357 -675 -2047 235 -338 118 921 -1317 472
1331675245 185 415 -146 -1357 -675 -2047 146 -511 88 555 -1718 331
1331675245 119 459 -251 -2038 -1187 -522 130 -410 257 501 -1619 1054
1331675245 11 398 -341 -857 -1047 -251 209 -198 377 824 -770 1586
1331675245 11 398 -341 -735 -1037 -925 202 -241 499 807 -953 1724
1331675245 -48 260 -343 -1197 -443 -1348 81 -204 598 319 -802 1722
1331675245 -48 260 -343 -1197 -443 -1348 49 -56 502 187 -208 1722
1331675246 -87 92 -235 -539 194 -1317 122 -232 519 484 -915 1725
1331675246 -88 16 -67 -506 10 -798 157 -312 513 621 -1236 1725
1331675246 -88 16 -67 -732 183 160 127 -123 350 505 -478 1471
1331675246 -46 34 103 -647 409 -730 81 -127 362 318 -492 1511
1331675246 -9 99 210 -768 420 -945 18 -281 412 61 -1107 1719
1331675246 -9 99 210 -1160 17 -310 -40 -341 462 -167 -1348 1724
1331675246 41 205 281 -1067 -188 -124 -48 -376 524 -198 -1495 1722
1331675246 41 205 281 -1068 -349 591 5 -426 542 18 -1707 1748
1331675246 129 359 258 -872 -873 2044 94 -326 407 363 -1286 1682
1331675246 129 359 258 -1102 -236 47 77 -87 424 300 -328 1724
1331675246 183 474 131 -1330 -158 1941 39 -148 99 127 -550 376
1331675246 177 502 61 -1396 69 1457 -53 -3 27 -246 26 74
1331675246 177 502 61 -1318 149 1040 -124 -56 -43 -534 -184 -211
1331675246 195 473 55 -1195 119 1042 -176 -110 -106 -745 -390 -468
1331675246 224 410 36 -701 274 349 -201 -135 -71 -849 -485 -312
1331675246 224 410 36 -574 336 324 -195 -215 -22 -818 -813 -111
1331675246 231 327 -20 -462 26 -55 -59 -193 101 -262 -734 389
1331675246 231 327 -20 -183 50 632 71 15 198 256 93 798
1331675246 227 279 -81 -186 161 579 119 100 264 463 419 1083
1331675246 224 287 -23 -417 195 501 118 66 308 458 286 1267
1331675246 224 287 -23 -1158 74 2016 57 190 155 198 790 627
1331675246 219 308 48 -1158 74 2016 6 182 -158 -12 768 -680
1331675246 219 308 48 -857 126 2044 39 96 -523 121 425 -2164
1331675246 207 316 99 -753 -101 1997 118 66 -693 427 312 -2256
1331675246 211 285 83 -998 -445 1504 185 27 -640 701 153 -2218
1331675247 211 285 83 -303 -359 -122 270 105 -506 1056 461 -2122
1331675247 222 292 56 -803 -293 -509 299 192 -344 1181 807 -1480
1331675247 222 292 56 -1069 6 -443 243 126 -348 950 539 -1496
1331675247 212 342 91 -1628 107 -683 51 59 -273 194 256 -1160
1331675247 202 350 112 -1574 535 -598 -45 64 -163 -231 309 -698
1331675247 202 350 112 -1521 453 47 -138 11 -254 -574 69 -1094
1331675247 186 293 119 -1323 58 465 -199 57 -319 -822 260 -1388
1331675247 186 293 119 -1450 111 155 -276 151 -413 -1134 627 -1795
1331675247 164 197 90 -1566 -72 -36 -329 257 -480 -1364 1058 -2072
1331675247 86 82 19 -1441 -589 -207 -311 291 -515 -1286 1188 -2180
1331675247 86 82 19 -1286 -610 -213 -305 -94 -442 -1253 -343 -1922
1331675247 4 62 -135 -1286 -610 -213 -305 -121 -429 -1261 -446 -1877
1331675247 4 62 -135 -1286 -610 -213 -265 -135 -509 -1095 -501 -2102
1331675247 -98 138 -276 -397 -103 -556 -192 19 -480 -805 117 -2077
1331675247 -139 307 -358 -553 -804 -964 -156 -120 -476 -642 -448 -2033
1331675247 -139 307 -358 -360 -643 -1231 -136 -266 -377 -578 -1024 -1680
1331675247 -166 493 -344 -440 -619 -632 -116 -416 -370 -494 -1634 -1624
1331675247 -236 630 -230 -533 -948 -15 -188 -248 -252 -803 -930 -1093
1331675247 -236 630 -230 -533 -948 -15 -244 -397 -258 -1002 -1561 -1168
1331675247 -203 719 -91 -189 -1269 -341 -193 -459 -240 -831 -1768 -1084
1331675247 -203 719 -91 -202 -920 -275 -164 -254 -127 -688 -969 -546
1331675247 -138 731 35 -251 -860 -374 -134 -270 -160 -588 -1023 -698
1331675247 -66 716 88 -120 -1109 -353 17 -271 -247 17 -1026 -1074
1331675247 -66 716 88 -139 -1196 -416 51 -350 -176 170 -1352 -755
1331675248 -36 670 145 -44 -1002 -492 69 -451 -116 229 -1746 -524
1331675248 -36 670 145 -277 -798 -491 113 -474 -65 411 -1768 -280
1331675248 7 655 141 -233 -773 17 -167 -516 -312 -681 -1716 -1397
1331675248 37 631 129 -284 -994 445 56 -119 -275 205 -450 -1177
1331675248 37 631 129 -284 -994 445 110 3 -388 417 37 -1651
1331675248 32 591 189 187 -1574 542 223 -4 -388 869 19 -1689
1331675248 32 591 189 -92 -1485 523 253 35 -282 996 171 -1206
1331675248 3 513 267 36 -1335 1047 247 193 -262 987 781 -1101
1331675248 -39 448 317 -74 -988 1540 211 390 -260 848 1620 -1085
1331675248 -39 448 317 -74 -988 1540 184 471 -65 696 1965 -283
1331675248 -158 380 344 506 -431 770 185 403 -95 691 1717 -416
1331675248 -158 380 344 804 -336 820 153 330 -66 584 1361 -271
1331675248 -298 319 300 896 192 352 184 293 -64 699 1227 -284
1331675248 -377 266 204 954 149 -7 248 174 -118 946 749 -508
1331675248 -382 183 122 788 270 192 228 159 -87 869 686 -381
1331675248 -382 183 122 521 140 -437 313 -149 -80 1220 -548 -356
1331675248 -341 106 83 640 288 -1234 325 -209 25 1267 -786 57
1331675248 -341 106 83 640 288 -1234 341 -325 38 1348 -1267 139
1331675248 -234 57 132 -157 391 -772 258 -403 92 1009 -1580 346
1331675248 -234 57 132 -33 469 -487 233 -459 156 903 -1786 614
1331675248 -101 49 190 -154 410 -363 221 -620 191 859 -1763 765
1331675248 58 108 201 -554 331 147 232 -1003 187 917 -1762 749
1331675248 58 108 201 -554 331 147 130 -625 114 498 -1716 439
1331675248 167 169 68 -930 758 1030 145 -299 66 550 -1155 230
1331675248 173 194 -23 -930 758 1030 151 -99 -11 575 -361 -83
1331675249 173 194 -23 -930 758 1030 144 54 4 552 248 -7
1331675249 187 227 -9 -1224 575 814 73 143 97 266 602 371
1331675249 187 227 -9 -923 703 1249 58 263 129 198 1083 503
1331675249 189 242 67 -986 609 1521 44 349 141 149 1431 555
1331675249 189 242 67 -1090 374 1259 12 523 198 33 2128 805
1331675249 155 287 189 -742 382 910 -11 592 193 -71 2234 772
1331675249 24 337 342 -531 349 804 -19 530 142 -109 2161 561
1331675249 24 337 342 -32 83 25 -64 375 178 -290 1560 713
1331675249 -136 400 370 82 -84 -234 -98 290 173 -409 1172 709
1331675249 -136 400 370 -120 94 -104 -147 69 203 -608 304 822
1331675249 -230 462 327 -35 -135 -1221 -172 -236 289 -713 -910 1191
1331675249 -180 566 295 31 -290 -932 -199 -441 258 -825 -1731 1055
1331675249 -180 566 295 -133 -800 1039 -258 -342 243 -1046 -1340 1008
1331675249 -41 618 223 -48 -1285 1945 -156 -121 133 -660 -440 519
1331675249 -41 618 223 551 -1765 1909 -10 -31 -1 -82 -77 -44
1331675249 8 613 158 819 -1709 1886 152 76 -138 569 349 -583
1331675249 -7 621 196 917 -1853 2044 238 256 -254 919 1077 -1061
1331675249 -7 621 196 324 -1545 1899 316 506 -405 1247 2000 -1719
1331675249 -123 544 302 106 -1288 1088 386 605 -415 1527 2191 -1752
1331675249 -123 544 302 -148 -1176 788 423 618 -436 1695 2182 -1821
1331675249 -319 356 285 -285 -946 -155 439 579 -250 1733 2176 -1061
1331675249 -319 356 285 -75 -792 139 496 523 -195 1726 2007 -811
1331675249 -385 162 60 -142 -348 -428 546 527 -75 1795 2022 -313
1331675249 -244 48 -120 -553 134 -477 473 380 -39 1762 1597 -206
1331675249 -244 48 -120 -1174 478 -502 447 93 176 1760 412 702
1331675250 -62 38 -131 -948 -10 -1712 413 -135 326 1656 -512 1360
1331675250 -62 38 -131 -1273 81 -583 340 -81 306 1356 -303 1268
1331675250 57 65 -54 -1443 371 -683 219 -103 407 873 -394 1730
1331675250 122 118 43 -1510 560 -1116 85 -199 502 338 -789 1723
1331675250 122 118 43 -1427 353 -1031 88 -241 552 352 -953 1724
1331675250 161 183 116 -1133 -29 -187 -109 21 643 -430 87 1724
1331675250 143 268 203 -805 -3 376 -230 159 608 -924 641 1721
1331675250 143 268 203 -18 -89 1148 -312 220 466 -1260 882 1723
1331675250 95 351 290 237 -311 1729 -341 380 336 -1389 1526 1390
1331675250 13 404 337 274 -527 1877 -354 409 204 -1451 1649 827
1331675250 13 404 337 448 -609 1221 -243 234 165 -987 954 660
1331675250 -95 439 351 908 231 1312 -121 221 183 -512 913 736
1331675250 -95 439 351 1516 -297 315 97 238 266 379 960 1114
1331675250 -175 505 330 1741 -212 613 212 263 291 835 1081 1198
1331675250 -277 568 245 1335 -703 673 292 213 258 1158 885 1059
1331675250 -277 568 245 1291 -618 627 353 327 276 1407 1378 1139
1331675250 -371 554 125 844 -193 548 377 227 275 1509 939 1139
1331675250 -371 554 125 844 -193 548 250 -108 159 985 -397 630
1331675250 -428 455 11 -531 92 731 74 -216 -11 246 -802 -89
1331675250 -428 455 11 -531 92 731 66 -129 60 224 -480 204
1331675250 -433 394 66 1195 666 116 198 -21 83 757 -41 308
1331675250 -430 375 75 861 352 199 224 58 119 867 272 460
1331675250 -425 321 74 783 689 765 249 -19 26 963 -32 65
1331675250 -425 321 74 -308 1218 664 147 -216 -132 538 -806 -573
1331675251 -402 252 84 321 1568 54 47 -323 -221 134 -1236 -950
1331675251 -370 215 130 335 675 383 -107 -558 -330 -449 -1763 -1480
1331675251 -370 215 130 335 675 383 -103 -664 -363 -448 -1764 -1597
1331675251 -297 185 226 1484 564 42 55 -656 -364 207 -1763 -1576
1331675251 -297 185 226 1263 505 -141 237 -622 -359 921 -1790 -1583
1331675251 -148 92 213 807 506 -341 286 -529 -314 1130 -1761 -1402
1331675251 -3 41 82 138 207 -254 236 -404 -265 945 -1602 -1179
1331675251 -3 41 82 377 677 -541 308 -276 -216 1181 -1038 -936
1331675251 76 76 -38 236 925 -809 271 -160 -23 1056 -584 -134
1331675251 76 76 -38 -828 596 -1180 257 123 162 1007 533 648
1331675251 148 150 -44 -1052 834 -1024 128 297 362 500 1210 1516
1331675251 159 202 115 -693 609 -551 48 439 573 198 1783 1724
1331675251 159 202 115 184 -488 -190 -7 634 818 -8 2248 1724
1331675251 40 373 313 724 -1312 166 -65 701 949 -239 2253 1725
1331675251 40 373 313 1912 -2002 1325 44 497 847 202 2012 1743
1331675251 -135 635 234 2043 -1935 2044 282 321 631 1137 1322 1722
1331675251 -233 685 10 2043 -2037 1740 498 158 289 1762 671 1189
1331675251 -233 685 10 1655 -1549 997 592 165 159 1767 705 647
1331675251 -346 569 -95 800 -1512 628 458 100 139 1760 437 549
1331675251 -346 569 -95 -269 -357 343 209 -67 65 801 -224 233
1331675251 -387 454 -137 337 486 50 123 -153 19 468 -576 53
1331675251 -387 454 -137 92 261 284 57 -202 -31 184 -756 -149
1331675251 -408 413 -105 256 441 207 -61 -289 -58 -292 -1108 -266
1331675251 -426 422 -26 215 369 461 -163 -308 -100 -701 -1175 -427
1331675251 -426 422 -26 215 369 461 -195 -331 -112 -811 -1276 -489
1331675252 -399 494 77 206 101 430 -262 -290 -74 -1095 -1103 -327
1331675252 -331 552 172 171 -53 509 -268 -277 -25 -1114 -1061 -150
1331675252 -331 552 172 171 -53 509 -273 -92 63 -1127 -327 219
1331675252 -238 607 201 275 -557 845 -223 -59 38 -913 -201 127
1331675252 -238 607 201 648 -616 1042 -141 83 42 -597 366 131
1331675252 -190 643 188 706 -587 1301 -97 42 -31 -432 220 -169
1331675252 -190 643 188 661 -476 1268 -82 58 -60 -370 281 -268
1331675252 -166 653 195 249 -740 867 -131 26 -30 -554 143 -168
1331675252 -145 654 206 509 -656 780 -112 68 -19 -486 311 -132
1331675252 -145 654 206 509 -656 780 -69 43 -39 -314 212 -197
1331675252 -121 649 225 570 -498 660 -59 5 -14 -269 64 -95
1331675252 -121 649 225 493 -465 396 -49 91 80 -230 400 286
1331675252 -102 638 240 959 -742 753 3 -92 -6 -37 -316 -64
1331675252 -95 640 230 568 -358 1259 -23 -169 -185 -141 -615 -794
1331675252 -95 640 230 514 -369 789 -24 -212 -246 -144 -791 -1058
1331675252 -53 583 265 672 -616 1414 -29 -345 -450 -153 -1340 -1878
1331675252 30 466 296 242 -440 1144 -80 -278 -551 -363 -1058 -2180
1331675252 30 466 296 -135 -575 897 -77 -153 -435 -343 -570 -1909
1331675252 99 291 264 -135 -575 897 -19 -104 -564 -105 -383 -2201
1331675252 99 291 264 -249 424 747 9 65 -553 -3 301 -2222
1331675252 91 144 177 -185 278 781 64 73 -430 242 319 -1875
1331675252 81 84 78 -101 494 -36 57 389 -278 213 1600 -1163
1331675252 81 84 78 -410 1042 -552 -8 172 -193 -83 741 -826
1331675252 60 71 46 -262 957 -1029 -69 83 -20 -319 375 -134
1331675252 60 71 46 -428 920 -1612 -151 120 104 -629 507 404
1331675253 16 48 65 -336 1034 -1098 -235 93 270 -966 398 1112
1331675253 -64 57 163 35 632 -1008 -241 -19 455 -966 -64 1725
1331675253 -64 57 163 35 632 -1008 -148 -83 572 -597 -321 1721
1331675253 -91 184 317 298 69 -66 -36 -425 625 -147 -1700 1724
1331675253 -91 184 317 418 -795 1793 86 -287 302 322 -1118 1241
1331675253 5 381 343 122 -313 2044 30 -182 72 95 -693 282
1331675253 61 419 312 -238 177 1338 -45 -130 -64 -230 -466 -283
1331675253 61 419 312 -249 65 1100 -89 -37 25 -403 -97 62
1331675253 61 419 312 -144 240 472 1 119 289 -20 496 1187
1331675253 78 386 298 117 -299 509 91 335 483 360 1351 1720
1331675253 20 482 308 -37 -235 1124 98 417 505 403 1700 1720
1331675253 20 482 308 19 -245 1394 70 352 308 261 1440 1273
1331675253 -101 629 243 484 -390 1133 71 309 90 252 1269 334
1331675253 -174 666 183 484 -390 1133 138 161 -194 506 697 -820
1331675253 -174 666 183 1431 -987 709 177 -61 -506 681 -202 -2126
1331675253 -223 603 237 1188 -1290 760 198 -201 -676 752 -751 -2188
1331675253 -223 603 237 1015 -1643 126 97 -149 -577 353 -558 -2197
1331675253 -180 376 352 -96 334 -296 24 -491 -393 77 -1761 -1660
1331675253 -64 197 310 -281 1009 86 26 -421 -144 53 -1634 -627
1331675253 -64 197 310 -45 1389 689 -128 -84 -214 -561 -263 -915
1331675253 0 135 243 723 693 336 -48 206 83 -228 865 312
1331675253 0 135 243 631 472 89 -74 142 217 -317 596 884
1331675253 -73 109 249 941 424 387 -35 162 245 -154 664 1017
1331675253 -139 173 303 800 73 665 -12 73 177 -64 310 709
1331675253 -174 242 327 1123 250 740 68 52 118 235 250 460
1331675254 -174 242 327 1101 264 733 130 41 40 483 208 147
1331675254 -185 266 327 507 266 570 118 14 -37 430 105 -193
1331675254 -185 266 327 507 266 570 61 -106 -103 203 -374 -449
1331675254 -182 243 315 266 249 283 36 -111 -83 116 -405 -353
1331675254 -146 205 308 629 495 121 62 -132 -10 222 -488 -79
1331675254 -146 205 308 622 487 26 99 -94 61 362 -333 215
1331675254 -113 214 317 462 561 305 124 -84 147 476 -306 580
1331675254 -113 214 317 24 265 494 69 -73 214 253 -262 863
1331675254 -82 274 331 34 229 749 24 -68 247 77 -245 1005
1331675254 -64 370 340 93 190 824 4 -61 252 -5 -217 1042
1331675254 -64 370 340 192 -42 1094 7 -45 235 2 -146 961
1331675254 -64 445 301 295 -156 1352 16 -72 159 31 -248 632
1331675254 -64 445 301 192 -199 1513 8 -93 84 -3 -327 304
1331675254 -72 471 270 247 -293 1364 7 -51 74 -1 -169 284
1331675254 -66 479 261 332 -213 1498 26 -60 35 71 -198 101
1331675254 -66 479 261 146 -108 1501 27 -80 -66 68 -275 -291
1331675254 -61 468 260 146 -108 1501 -5 -43 48 -57 -129 164
1331675254 -61 468 260 314 -62 675 21 -54 111 45 -169 427
1331675254 -60 474 262 113 -306 1877 98 196 17 361 800 34
1331675254 -60 474 262 -161 -280 1200 -28 -69 -21 -135 -241 -114
1331675254 -52 479 256 -20 -132 1010 -10 -43 -15 -77 -131 -101
1331675254 -43 458 262 -16 -436 939 -68 96 0 -298 411 -36
1331675254 -43 458 262 571 -117 1400 27 0 14 65 48 16
1331675254 -41 457 257 137 -269 963 35 -19 10 99 -36 -6
1331675254 -41 457 257 -45 -200 982 17 -38 -10 30 -109 -80
1331675255 -42 449 253 14 -178 977 13 -29 -13 8 -68 -107
1331675255 -37 440 254 -53 -229 731 -15 -131 58 -99 -474 202
1331675255 -37 440 254 81 -359 237 -2 -18 46 -49 -31 145
1331675255 -32 440 247 17 -152 901 30 14 -24 77 104 -129
1331675255 -32 440 247 7 -174 904 33 -21 24 91 -39 51
1331675255 -26 440 251 76 -103 940 31 -19 20 90 -34 37
1331675255 -32 442 246 32 -242 1070 29 -23 4 91 -60 -6
1331675255 -32 442 246 23 -167 958 34 -19 21 94 -28 50
1331675255 -27 445 249 32 -210 1021 30 -24 14 85 -50 12
1331675255 -27 445 249 20 -196 991 27 -16 15 83 -34 43
1331675255 -22 437 248 41 -211 1038 30 -22 14 84 -45 17
1331675255 -28 441 250 28 -197 1000 33 -24 14 87 -47 32
1331675255 -28 441 250 26 -204 1025 32 -23 16 94 -46 25
1331675255 -36 442 248 27 -198 1006 30 -20 21 85 -36 39
1331675255 -26 436 249 32 -202 1021 31 -23 18 88 -49 36
1331675255 -26 436 249 31 -199 1008 33 -23 18 93 -43 29
1331675255 -34 438 250 26 -201 1010 31 -20 18 87 -40 37
1331675255 -34 438 250 27 -197 1009 32 -21 16 91 -42 32
1331675255 -27 436 248 30 -204 1017 32 -24 16 84 -47 28
1331675255 -21 439 250 26 -201 1011 30 -20 19 87 -39 36
1331675255 -21 439 250 22 -201 1017 32 -21 12 93 -45 30
1331675255 -34 442 245 28 -202 1014 32 -21 21 86 -37 34
1331675255 -32 440 253 29 -201 1008 30 -20 15 91 -44 32
1331675255 -32 440 253 31 -202 1013 30 -19 16 84 -39 26
1331675256 -32 444 247 31 -204 1012 28 -19 16 84 -38 30
1331675256 -32 444 247 32 -202 1014 34 -23 21 95 -42 34
1331675256 -34 437 246 25 -200 1015 33 -22 16 95 -41 29
1331675256 -34 437 246 26 -201 1012 32 -21 14 92 -42 28
1331675256 -29 438 251 29 -201 1012 28 -17 10 92 -37 23
1331675256 -30 440 252 31 -204 1014 30 -20 19 86 -37 30
1331675256 -30 440 252 28 -203 1014 30 -19 15 92 -43 29
1331675256 -31 435 244 28 -204 1015 34 -22 17 93 -40 28
1331675256 -31 435 244 26 -204 1014 31 -22 17 89 -45 25
1331675256 -27 445 252 24 -200 1011 29 -17 15 89 -34 30
1331675256 -27 442 249 26 -201 1012 31 -22 18 89 -46 34
1331675256 -27 442 249 27 -199 1014 30 -18 13 96 -42 33
1331675256 -28 440 252 23 -203 1016 30 -20 17 83 -43 32
1331675256 -30 445 251 23 -203 1016 32 -21 17 92 -40 32
1331675256 -30 445 251 26 -200 1013 28 -19 19 87 -43 36
1331675256 -35 438 251 26 -201 1011 30 -19 19 85 -37 36
1331675256 -37 434 252 25 -203 1021 32 -21 17 89 -45 31
1331675256 -37 434 252 26 -199 1011 34 -22 16 96 -43 29
1331675256 -24 436 250 30 -202 1012 31 -21 16 86 -36 26
1331675256 -24 436 250 31 -198 1012 32 -22 15 91 -49 31
1331675256 -29 446 253 29 -202 1014 31 -20 17 89 -37 30
1331675256 -37 432 250 29 -199 1011 34 -26 13 95 -55 28
