1331674619 -11 489 238 -84 -210 1008 29 -20 17 86 -41 33
1331674619 -11 489 238 -84 -210 1008 31 -22 13 86 -46 29
1331674619 -9 490 237 -83 -211 1012 28 -18 11 87 -40 24
1331674619 -9 486 242 -86 -207 1010 30 -20 19 83 -37 33
1331674619 -9 486 242 -85 -213 1015 29 -20 15 84 -41 26
1331674619 -8 486 234 -83 -212 1021 30 -21 12 88 -45 30
1331674619 -8 486 234 -84 -211 1010 32 -21 20 86 -38 33
1331674619 -13 484 238 -84 -212 1021 28 -18 16 85 -40 31
1331674619 -13 482 241 -84 -212 1021 30 -19 19 80 -34 30
1331674619 -13 482 241 -82 -212 1021 33 -21 20 91 -40 36
1331674619 -6 487 242 -82 -209 1011 27 -18 14 86 -41 36
1331674619 -6 487 242 -83 -209 1013 29 -18 16 85 -37 31
1331674619 -11 480 241 -82 -209 1012 27 -19 15 83 -39 32
1331674619 -10 481 240 -82 -210 1021 34 -21 13 90 -38 28
1331674619 -10 481 240 -84 -209 1010 29 -20 18 86 -39 32
1331674619 -11 484 233 -82 -214 1014 30 -21 17 86 -44 29
1331674619 -11 484 233 -79 -212 1013 31 -18 16 90 -31 28
1331674619 -10 479 240 -82 -207 1013 32 -22 15 89 -43 30
1331674619 -12 483 245 -80 -209 1010 31 -21 20 87 -43 34
1331674619 -12 483 245 -84 -214 1012 31 -20 12 89 -44 31
1331674619 -7 483 236 -85 -210 1016 34 -24 19 90 -46 35
1331674619 -14 480 237 -85 -211 1013 30 -20 19 84 -38 38
1331674619 -14 480 237 -81 -209 1012 30 -22 15 85 -49 37
1331674619 -11 479 245 -84 -211 1013 30 -21 17 83 -42 34
1331674619 -11 479 245 -84 -211 1013 29 -20 18 84 -44 27
1331674619 -16 489 236 -83 -209 1021 29 -21 13 89 -48 28
1331674620 -3 478 237 -82 -211 1016 29 -20 17 81 -34 30
1331674620 -3 478 237 -80 -212 1012 33 -24 14 87 -45 31
1331674620 -7 481 244 -81 -209 1013 28 -18 14 91 -42 25
1331674620 -7 481 244 -83 -208 1012 33 -22 18 90 -41 35
1331674620 -12 479 240 -82 -209 1012 29 -19 14 82 -37 30
1331674620 -7 483 241 -82 -210 1013 30 -20 16 88 -40 33
1331674620 -7 483 241 -82 -210 1012 29 -20 18 80 -38 31
1331674620 -6 483 240 -80 -211 1014 29 -18 12 90 -38 31
1331674620 -6 483 240 -83 -209 1012 32 -22 17 93 -43 31
1331674620 -12 494 243 -80 -214 1012 32 -22 19 88 -45 30
1331674620 -7 483 242 -85 -212 1015 31 -21 18 88 -41 31
1331674620 -7 483 242 -78 -208 1008 32 -21 17 91 -40 31
1331674620 -9 483 247 -82 -213 1009 30 -19 18 83 -34 30
1331674620 -11 485 237 -82 -207 1017 30 -21 16 90 -46 33
1331674620 -11 485 237 -87 -208 1008 31 -20 17 90 -42 33
1331674620 -13 479 234 -85 -213 1017 29 -20 17 83 -37 30
1331674620 -11 483 239 -82 -212 1013 26 -19 15 83 -45 32
1331674620 -11 483 239 -83 -210 1008 30 -21 19 82 -41 34
1331674620 -7 484 237 -83 -210 1008 28 -19 14 85 -42 32
1331674620 -7 484 237 -81 -209 1011 33 -22 17 96 -40 35
1331674620 -12 481 241 -81 -209 1011 31 -21 17 88 -44 33
1331674620 -12 486 241 -84 -207 1014 30 -19 17 86 -37 33
1331674620 -12 486 241 -74 -213 1008 31 -22 17 90 -46 28
1331674620 -6 485 237 -84 -214 1021 32 -23 19 87 -42 32
1331674621 -6 485 237 -85 -206 1010 34 -23 17 91 -42 31
1331674621 -13 482 244 -79 -210 1021 32 -22 12 92 -46 31
1331674621 -13 482 244 -77 -206 1012 30 -19 20 86 -35 37
1331674621 -10 484 239 -77 -206 1012 26 -21 20 57 -29 44
1331674621 -8 486 240 -70 -265 1042 26 -18 15 83 -43 27
1331674621 -8 486 240 -76 -220 1012 33 -25 8 97 -57 3
1331674621 -9 490 247 -99 -216 985 29 -15 21 82 -22 61
1331674621 -9 490 247 -91 -185 944 31 -26 13 91 -65 18
1331674621 -13 481 241 -73 -198 984 31 -22 16 85 -43 33
1331674621 -6 486 232 -130 -254 1047 37 -32 15 120 -94 42
1331674621 -6 486 232 -237 -301 852 29 -8 97 94 -3 377
1331674621 -10 495 241 -215 -253 925 28 129 176 84 548 706
1331674621 -10 495 241 -101 -431 1143 37 153 221 128 635 907
1331674621 -26 533 226 172 -600 1204 75 173 154 278 714 612
1331674621 -57 577 205 -149 -881 1146 61 220 187 221 896 766
1331674621 -57 577 205 703 -453 1132 54 148 158 200 622 637
1331674621 -97 616 165 225 -952 1056 84 115 53 301 504 184
1331674621 -97 616 165 494 -747 1181 111 113 -45 408 492 -216
1331674621 -119 653 141 593 -654 1190 143 46 -187 532 231 -804
1331674621 -145 647 181 89 -534 711 108 -5 -251 382 37 -1065
1331674621 -145 647 181 -59 -373 609 35 -59 -276 113 -201 -1191
1331674621 -154 593 262 -50 -217 528 -52 -154 -295 -230 -587 -1285
1331674621 -154 593 262 76 -138 298 -114 -158 -255 -481 -601 -1111
1331674621 -109 495 337 348 -284 196 -134 -185 -141 -571 -695 -604
1331674621 -51 412 348 909 -303 34 -88 -120 15 -396 -431 18
1331674622 -51 412 348 1131 -130 436 14 -53 88 25 -172 336
1331674622 -24 395 334 885 -271 651 84 -15 137 317 -36 552
1331674622 -27 436 319 55 16 2044 79 -287 -80 270 -1086 -355
1331674622 -27 436 319 1 -197 1216 47 -141 -131 144 -506 -572
1331674622 -8 421 322 118 -149 669 25 -106 -37 61 -376 -181
1331674622 10 397 317 208 -34 923 54 -129 11 182 -477 28
1331674622 10 397 317 75 23 1083 45 -130 26 141 -476 71
1331674622 25 407 300 75 23 1083 48 -86 4 146 -287 -34
1331674622 25 407 300 -34 -25 1028 56 -52 31 183 -161 101
1331674622 27 404 289 -286 -79 1508 24 -132 -82 58 -482 -336
1331674622 38 407 273 -314 -83 2006 22 -39 -82 41 -99 -360
1331674622 38 407 273 -43 92 764 42 42 59 130 209 208
1331674622 35 395 279 -168 65 1052 21 18 15 58 109 26
1331674622 35 395 279 -166 128 1016 28 -2 24 80 29 53
1331674622 27 393 286 -95 110 869 41 -45 33 117 -130 97
1331674622 33 401 280 -164 95 1100 31 -24 13 97 -57 20
1331674622 33 401 280 -127 94 1166 32 -11 11 90 3 6
1331674622 27 401 277 -112 74 998 31 -20 13 85 -39 35
1331674622 24 401 280 -125 87 985 26 -22 19 80 -56 41
1331674622 24 401 280 -144 94 1044 29 -21 18 80 -45 25
1331674622 24 401 280 -135 89 1037 32 -24 17 92 -54 31
1331674622 33 396 282 -138 65 1008 32 -30 21 83 -70 44
1331674622 33 401 278 -143 61 1023 29 -26 17 88 -69 35
1331674622 26 400 281 -156 77 1028 29 -20 17 89 -44 34
1331674623 26 400 281 -154 72 1033 31 -21 15 90 -47 40
1331674623 29 404 281 -158 73 1021 30 -23 20 87 -52 43
1331674623 29 404 281 -155 69 1012 32 -28 19 90 -66 44
1331674623 30 401 273 -156 68 1013 32 -27 17 97 -72 51
1331674623 24 405 272 -161 72 1026 21 -35 22 52 -99 64
1331674623 24 405 272 -185 37 1008 29 -47 16 78 -142 28
1331674623 42 409 276 -185 37 1008 32 -53 96 89 -167 366
1331674623 42 409 276 -121 -243 1832 -28 335 -87 -147 1379 -373
1331674623 28 410 271 -325 -102 2044 -5 726 -241 -82 2225 -1023
1331674623 -137 322 336 -262 -172 22 3 405 -185 -21 1673 -777
1331674623 -137 322 336 716 424 -181 56 -252 111 192 -967 425
1331674623 -170 303 341 669 144 -772 24 -171 118 62 -641 454
1331674623 -170 303 341 317 281 727 29 -153 91 91 -578 363
1331674623 -105 338 359 317 281 727 40 -185 108 131 -700 421
1331674623 -105 338 359 266 81 708 25 -269 106 66 -1033 406
1331674623 -55 376 349 149 -35 1060 21 -282 73 48 -1084 262
1331674623 6 406 333 -97 -13 1205 6 -214 49 0 -819 176
1331674623 6 406 333 -189 -30 1208 12 -113 27 15 -409 76
1331674623 56 434 302 -191 -14 1192 28 0 -7 77 43 -56
1331674623 60 435 305 -165 -12 1077 35 13 0 98 95 -41
1331674623 60 435 305 -179 -29 1032 36 -13 18 104 -8 32
1331674623 46 425 314 -131 -27 990 32 -22 22 92 -45 52
1331674623 52 436 315 -133 -26 1030 29 -22 18 84 -51 41
1331674623 52 436 315 -143 -36 1008 29 -22 23 85 -51 61
1331674623 50 430 311 -156 -29 983 35 -18 32 105 -29 103
1331674624 50 430 311 -155 -35 985 44 -14 48 130 -8 151
1331674624 51 437 309 -137 -39 990 41 1 51 128 45 171
1331674624 37 449 311 -165 -86 1054 38 4 46 123 53 155
1331674624 37 449 311 -129 -90 1078 32 8 26 100 69 90
1331674624 25 469 308 -96 -95 1033 29 1 21 92 35 66
1331674624 25 469 308 -89 -96 1046 29 -23 14 83 -53 22
1331674624 23 466 312 -89 -108 1025 33 -35 13 87 -93 6
1331674624 24 466 307 -97 -118 1027 30 -37 5 93 -114 -4
1331674624 24 466 307 -101 -122 1073 -1 -133 -95 -48 -479 -417
1331674624 28 452 314 -903 -545 2044 -168 -340 -393 -705 -1323 -1717
1331674624 28 452 314 -1029 -179 1921 -229 -170 -463 -938 -642 -1978
1331674624 142 289 234 31 -23 -908 -99 -51 -225 -449 -145 -960
1331674624 135 153 140 837 115 -369 41 86 -9 127 384 -76
1331674624 135 153 140 584 389 -278 103 61 202 385 277 825
1331674624 115 162 169 -37 570 194 118 -4 272 458 9 1119
1331674624 115 162 169 -489 82 715 68 108 254 246 464 1039
1331674624 116 233 226 -317 205 910 92 89 252 357 375 1043
1331674624 116 233 226 -317 205 910 86 48 208 315 228 833
1331674624 104 325 272 -364 73 1301 47 12 141 152 83 553
1331674624 76 402 304 -206 -67 1409 31 -9 76 92 -2 290
1331674624 76 402 304 -206 -67 1409 22 -9 13 66 -5 24
1331674624 58 430 311 -144 -101 1220 30 -11 -9 81 -2 -89
1331674624 53 431 319 -168 -80 1056 31 -17 -14 87 -24 -81
1331674624 60 415 318 -168 -80 1056 44 0 -11 153 35 -75
1331674625 60 415 318 -107 -34 969 40 -4 4 120 31 -19
1331674625 56 407 333 -116 -30 945 34 -17 10 102 -29 24
1331674625 56 407 333 -118 -29 926 35 -31 18 96 -72 34
1331674625 56 399 319 -125 1 989 29 -34 17 87 -104 37
1331674625 56 399 319 -140 1 995 32 -45 20 86 -128 32
1331674625 57 398 321 -177 26 1012 24 -46 22 72 -153 50
1331674625 57 398 321 -201 1 1020 11 -10 32 7 0 88
1331674625 59 407 317 -177 -28 1645 -1 249 -29 -29 1019 -154
1331674625 31 395 338 -422 -141 2044 31 441 -146 92 1835 -610
1331674625 31 395 338 -422 -141 2044 63 383 -30 212 1583 -169
1331674625 -97 321 368 455 95 -100 44 -88 81 158 -334 314
1331674625 -80 321 363 304 47 139 30 -291 65 86 -1123 229
1331674625 -80 321 363 299 129 781 34 -245 29 96 -935 80
1331674625 -18 351 357 105 53 805 32 -253 34 110 -982 121
1331674625 -18 351 357 105 53 805 41 -193 26 134 -734 67
1331674625 41 357 337 -154 79 1236 48 -79 16 156 -276 29
1331674625 63 362 323 -136 81 1259 43 -2 21 141 29 41
1331674625 63 362 323 -153 35 1180 37 14 21 115 92 49
1331674625 52 364 329 -109 43 1106 34 -13 21 93 -6 46
1331674625 52 364 329 -53 56 985 26 -31 23 77 -87 61
1331674625 55 369 326 -42 49 994 29 -40 22 80 -119 51
1331674625 55 369 326 -55 77 990 30 -28 13 92 -75 28
1331674625 58 366 330 -95 57 1011 33 -27 24 103 -72 58
1331674625 63 375 337 -95 57 1011 32 -26 27 93 -64 65
1331674625 63 375 337 -102 54 1061 32 -23 16 85 -45 31
1331674626 59 380 330 -106 47 1030 27 -18 14 84 -43 28
1331674626 59 380 330 -96 45 1013 33 -30 17 92 -70 33
1331674626 55 373 322 -96 34 1014 32 -29 22 91 -79 53
1331674626 55 373 322 -96 34 1014 29 -20 24 96 -52 70
1331674626 60 369 327 -97 36 1030 41 -10 42 122 5 130
1331674626 57 378 323 -97 36 1030 57 33 103 191 173 390
1331674626 57 378 323 -12 -85 980 82 154 178 315 633 720
1331674626 37 414 328 -75 -143 1392 48 129 42 167 542 138
1331674626 -14 467 340 67 -110 1694 -50 -149 -320 -223 -563 -1380
1331674626 28 353 341 67 -110 1694 -5 -344 -445 -40 -1344 -1852
1331674626 28 353 341 -625 253 421 8 -208 -83 -16 -779 -370
1331674626 109 256 264 -215 759 352 122 74 207 461 329 839
1331674626 109 256 264 225 -154 331 144 465 448 580 1914 1706
1331674626 18 373 340 120 -211 1481 45 98 131 157 421 513
1331674626 -38 439 343 -406 -77 1718 -87 -267 -198 -399 -1010 -868
1331674626 -38 439 343 442 -605 1294 -50 -435 -361 -225 -1713 -1580
1331674626 88 311 286 -361 664 241 71 74 156 256 326 620
1331674626 88 311 286 324 26 1548 154 493 313 598 2013 1310
1331674626 57 382 320 28 -50 633 102 325 227 385 1331 921
1331674626 57 382 320 -355 118 1877 -57 -84 -168 -274 -288 -730
1331674626 -46 451 350 527 -620 845 -92 -403 -352 -380 -1586 -1556
1331674626 57 322 322 -129 1 201 52 -249 -13 163 -944 -96
1331674626 57 322 322 54 83 972 122 126 178 459 532 719
1331674626 80 341 302 54 83 972 64 124 132 227 523 512
1331674626 30 407 338 -90 -101 1048 19 -31 69 40 -83 254
1331674627 30 407 338 -90 -101 1048 6 -102 54 -8 -370 187
1331674627 26 423 334 -46 -62 1089 20 -106 48 50 -384 168
1331674627 26 423 334 -150 -76 1213 37 -74 22 125 -260 58
1331674627 42 442 328 -169 -78 1249 41 -42 3 127 -124 -30
1331674627 42 442 328 -184 -69 1202 37 -39 -10 123 -119 -80
1331674627 45 445 325 -216 -73 984 30 -43 0 86 -132 -38
1331674627 47 439 316 -301 -60 1451 3 159 -19 -18 661 -107
1331674627 47 439 316 -391 -133 1956 11 444 -75 -2 1859 -328
1331674627 9 398 338 -357 -30 1547 20 476 -95 41 1993 -409
1331674627 9 398 338 159 182 -19 3 100 -101 -24 439 -435
1331674627 -101 336 361 488 -80 -979 47 -171 69 154 -644 247
1331674627 -93 322 362 576 30 -418 51 -423 89 168 -1657 331
1331674627 -93 322 362 -252 -100 1572 1 -40 91 -25 -121 353
1331674627 5 372 348 -180 96 2044 45 401 -53 134 1675 -255
1331674627 5 372 348 15 51 612 26 265 -112 64 1099 -474
1331674627 -87 349 366 633 40 -103 79 -171 2 295 -653 -19
1331674627 -87 349 366 575 31 -735 49 -400 185 169 -1572 737
1331674627 -89 316 367 -376 -149 2044 22 99 2 60 430 -13
1331674627 -15 387 354 19 70 2044 23 479 -122 53 2005 -531
1331674627 -15 387 354 -47 35 345 79 277 -121 265 1156 -531
1331674627 -125 335 368 628 -152 86 112 108 -10 419 460 -76
1331674627 -133 293 362 962 -166 -1683 75 -312 146 270 -1207 577
1331674627 -133 293 362 -282 -5 1861 -5 -121 70 -55 -445 248
1331674627 -39 351 364 172 95 2044 -3 386 -85 -37 1584 -368
1331674627 -39 351 364 172 95 2044 18 284 -60 35 1175 -265
1331674628 -120 320 366 660 -28 113 -3 -69 14 -34 -246 9
1331674628 -120 308 368 656 135 -38 41 -246 77 128 -942 286
1331674628 -120 308 368 -133 77 819 35 -409 101 119 -1612 400
1331674628 -10 351 355 63 47 1597 34 -127 36 99 -467 101
1331674628 -10 351 355 -139 178 1584 28 1 19 70 44 40
1331674628 29 373 345 -8 105 1215 45 14 58 157 90 210
1331674628 12 386 357 92 32 868 52 -52 82 178 -171 301
1331674628 12 386 357 68 -1 862 49 -87 94 166 -310 346
1331674628 10 425 350 -43 -45 1082 44 -68 89 140 -228 333
1331674628 10 425 350 -80 -122 1216 34 -50 60 99 -153 215
1331674628 14 457 345 -107 -155 1345 17 -57 -38 22 -176 -208
1331674628 16 455 344 -80 -129 1490 -26 -123 -241 -164 -430 -1025
1331674628 16 455 344 -365 -176 2044 -92 -159 -448 -389 -603 -1930
1331674628 86 308 307 -489 -151 1287 -95 -98 -432 -418 -343 -1894
1331674628 86 308 307 186 144 -359 58 8 -34 195 72 -169
1331674628 99 167 195 627 545 -551 144 194 510 576 785 1722
1331674628 77 256 292 -169 -755 401 131 202 635 529 813 1724
1331674628 77 256 292 -471 -329 2044 11 -28 166 16 -80 661
1331674628 -4 439 349 -180 -257 2044 -128 -200 -315 -534 -769 -1379
1331674628 60 320 320 126 -37 1064 -81 -152 -545 -371 -554 -2185
1331674628 60 320 320 -133 2 285 66 -178 7 226 -665 -5
1331674628 86 231 268 628 305 24 202 203 455 821 816 1722
1331674628 86 231 268 628 305 24 153 232 472 607 939 1724
1331674628 16 403 352 -656 -483 2044 -45 -102 -113 -226 -359 -475
1331674628 39 380 345 180 -479 2044 -108 -128 -484 -463 -472 -2062
1331674629 39 380 345 -55 -71 1045 -59 -81 -453 -264 -287 -1956
1331674629 75 213 281 396 379 -999 137 16 281 530 88 1161
1331674629 75 213 281 -20 -205 123 131 244 570 529 971 1743
1331674629 41 352 336 -320 -460 2044 1 -43 51 -30 -130 170
1331674629 41 389 338 106 -254 1978 -102 -105 -305 -428 -389 -1323
1331674629 41 389 338 65 -6 1422 -52 -54 -344 -237 -185 -1476
1331674629 59 260 302 334 72 -174 80 41 48 282 206 160
1331674629 59 260 302 116 386 189 93 42 256 351 198 1052
1331674629 41 289 324 -89 154 409 61 -46 236 229 -160 971
1331674629 24 387 351 -74 -105 1477 42 -8 140 150 -8 568
1331674629 24 387 351 -93 -31 1397 46 29 87 145 157 325
1331674629 -12 441 359 -83 -118 1161 34 -3 47 100 28 158
1331674629 -12 441 359 87 -68 1198 44 -26 20 130 -61 42
1331674629 -31 448 363 55 -84 1213 32 -26 3 92 -63 -34
1331674629 -31 448 363 23 -112 1110 18 -41 -7 35 -121 -59
1331674629 -22 440 373 -51 -73 1089 0 -28 -9 -23 -83 -56
1331674629 -4 432 382 -51 -73 1089 -11 -24 -5 -73 -59 -58
1331674629 -4 432 382 7 37 922 -23 -24 21 -135 -52 42
1331674629 1 403 391 -40 3 885 -46 -18 59 -222 -34 206
1331674629 1 403 391 -4 -64 985 -54 -13 78 -253 -7 286
1331674629 -8 401 408 -5 -83 1005 -45 12 77 -219 89 288
1331674629 -21 419 440 38 -261 1032 -13 24 75 -82 126 296
1331674629 -21 419 440 221 -467 1096 113 28 50 420 147 172
1331674629 -26 436 421 723 -774 1361 276 0 -45 1075 45 -240
1331674629 -26 436 421 665 -687 1538 537 54 -204 1735 286 -887
1331674630 -16 418 344 221 -647 846 642 47 -128 1769 243 -556
1331674630 -16 418 344 211 -838 1005 638 207 63 1767 905 230
1331674630 -48 419 336 -588 277 494 188 -102 58 721 -372 202
1331674630 -57 471 320 -992 993 1418 -79 -28 12 -355 -66 8
1331674630 -57 471 320 -992 993 1418 -361 -22 50 -1487 -59 180
1331674630 -42 463 317 -1245 113 677 -626 -151 66 -2235 -559 239
1331674630 14 414 311 -1245 113 677 -633 -125 101 -2229 -452 388
1331674630 14 414 311 -82 -978 1377 -464 -121 113 -1934 -443 440
1331674630 39 361 341 376 -876 1165 -210 -136 144 -871 -503 569
1331674630 74 387 354 1220 -634 1808 77 -63 80 272 -204 286
1331674630 74 387 354 1415 -541 2044 574 127 -165 1768 566 -702
1331674630 43 396 329 576 -992 1184 789 144 -171 1770 633 -728
1331674630 43 396 329 -852 -1292 1273 552 97 14 1764 433 18
1331674630 -7 429 327 -845 -589 701 212 5 95 818 65 362
1331674630 -7 429 327 -997 1038 656 -196 -17 117 -815 -32 461
1331674630 -37 481 316 -1188 410 426 -657 -113 134 -2233 -413 530
1331674630 16 452 313 -992 -522 830 -596 -138 118 -2232 -511 450
1331674630 16 452 313 250 -846 1246 -299 -142 26 -1238 -527 83
1331674630 58 434 330 609 -426 1536 -16 -40 -121 -108 -111 -527
1331674630 64 372 328 609 -426 1536 403 19 -178 1584 129 -745
1331674630 64 372 328 1078 -667 955 639 133 -115 1770 593 -498
1331674630 48 397 306 -1084 -893 727 549 146 -76 1767 641 -337
1331674630 48 397 306 -689 -1037 329 369 150 130 1461 639 508
1331674630 -23 473 315 -536 -123 992 78 46 147 284 219 576
1331674630 -23 473 315 -471 539 1181 -143 52 102 -608 247 378
1331674631 -45 512 310 -222 177 767 -356 -51 32 -1459 -171 117
1331674631 -21 498 310 200 -555 942 -301 -168 38 -1241 -628 115
1331674631 -21 498 310 202 -487 1061 -179 -187 18 -754 -700 35
1331674631 16 490 309 184 -312 884 -58 -115 21 -259 -419 60
1331674631 16 490 309 37 -231 1324 5 -18 -6 -9 -31 -53
1331674631 40 511 322 37 -231 1324 60 25 -9 211 138 -72
1331674631 14 511 334 -18 -366 883 78 26 26 285 138 74
1331674631 14 511 334 -53 -363 964 78 15 29 276 95 81
1331674631 -11 516 334 -53 -363 964 53 -21 13 186 -48 31
1331674631 -11 516 334 -88 -298 950 27 -42 17 91 -145 59
1331674631 -18 521 331 -105 -263 935 25 -54 26 62 -173 71
1331674631 -17 534 321 -74 -191 980 20 -62 30 37 -198 80
1331674631 -17 534 321 -107 -250 1072 18 -67 16 37 -229 31
1331674631 -18 544 315 -147 -290 1089 19 -60 9 42 -197 -9
1331674631 -18 544 315 -171 -297 1068 23 -62 1 51 -204 -48
1331674631 -11 545 322 -189 -300 1032 21 -40 6 49 -118 -20
1331674631 7 539 324 -249 -263 1281 17 60 -16 25 282 -113
1331674631 7 539 324 -314 -315 1789 25 312 -87 61 1286 -379
1331674631 -11 476 344 -290 -315 1261 12 374 -109 13 1540 -457
1331674631 -11 476 344 -25 -35 679 -104 17 -242 -456 116 -1019
1331674631 -77 387 373 864 -33 -1882 46 -397 37 145 -1555 115
1331674631 -77 387 373 -127 -64 -191 152 -613 178 586 -1763 710
1331674631 -28 368 367 -493 -101 2044 85 -153 49 298 -559 159
1331674631 26 487 364 -665 -345 2044 20 403 -57 51 1660 -261
1331674631 26 487 364 -277 -216 1549 46 331 -85 146 1366 -357
1331674632 -17 411 378 170 17 456 -28 219 -180 -155 915 -776
1331674632 -42 343 376 581 355 -1073 74 -220 112 270 -842 445
1331674632 -42 343 376 581 355 -1073 39 -622 313 144 -1778 1301
1331674632 -10 391 372 -621 21 311 15 172 -23 18 724 -132
1331674632 6 403 359 -181 -11 1532 44 283 -95 124 1180 -402
1331674632 6 403 359 64 26 673 53 106 -93 176 469 -401
1331674632 -33 352 368 136 116 -174 36 -141 31 114 -524 91
1331674632 -33 352 368 136 116 -174 19 -189 90 39 -714 336
1331674632 -18 362 365 -71 -1 1349 -56 -111 74 -248 -409 277
1331674632 -3 395 372 -108 -3 1587 -38 5 8 -187 67 -9
1331674632 -3 395 372 -81 -26 1318 -21 -3 23 -122 32 46
1331674632 -10 397 390 -14 -70 1153 12 -32 11 12 -84 7
1331674632 -10 397 390 -22 -55 1113 26 -4 13 67 28 20
1331674632 -9 388 398 39 33 1085 34 24 14 101 139 21
1331674632 -20 386 398 90 41 969 49 7 23 160 69 58
1331674632 -20 386 398 105 64 976 53 -9 28 177 5 71
1331674632 -33 385 398 110 -31 941 64 -47 42 214 -136 137
1331674632 -32 400 400 46 -34 936 50 -50 43 176 -163 145
1331674632 -32 400 400 10 -108 1086 44 -55 34 139 -172 99
1331674632 -24 412 393 -4 -72 1113 38 -42 25 116 -123 57
1331674632 -24 412 393 6 -14 1045 53 -27 30 180 -71 104
1331674632 -24 425 393 6 -14 1045 56 -17 41 203 -38 138
1331674632 -24 425 393 -24 -55 1019 49 -13 42 168 -18 138
1331674632 -33 439 390 -66 -116 1059 25 -15 43 69 -20 133
1331674633 -37 446 396 -63 -151 1028 -4 -32 27 -53 -85 87
1331674633 -35 456 401 -20 -139 1092 -18 -40 18 -103 -120 33
1331674633 -35 456 401 -3 -132 1069 -1 -30 16 -40 -80 25
1331674633 -26 454 408 94 -93 1069 36 -29 8 118 -84 6
1331674633 -26 454 408 148 -125 1108 91 -23 -4 326 -45 -51
1331674633 -16 441 396 394 -276 1233 232 -13 -60 887 -1 -269
1331674633 4 411 335 628 -604 1488 407 19 -143 1594 137 -612
1331674633 4 411 335 466 -549 1174 542 84 -133 1769 389 -578
1331674633 9 427 308 317 -820 723 589 120 -24 1768 536 -147
1331674633 9 427 308 317 -820 723 569 69 20 1764 315 49
1331674633 -45 475 314 317 -820 723 502 23 39 1766 138 123
1331674633 -101 492 327 -432 -216 873 404 -48 48 1604 -156 179
1331674633 -101 492 327 -504 -67 872 388 -116 54 1539 -430 194
1331674633 -125 486 331 -759 -17 907 305 -13 70 1194 -10 253
1331674633 -125 486 331 -759 -17 907 231 -74 96 896 -252 364
1331674633 -144 487 330 -950 139 1142 135 -10 63 509 0 216
1331674633 -151 497 316 -950 139 1142 76 -12 62 264 -1 232
1331674633 -151 497 316 -701 -37 1050 13 -1 51 20 36 170
1331674633 -157 509 314 -412 -85 958 -9 -9 50 -68 1 167
1331674633 -157 509 314 -351 -92 907 4 -28 57 -31 -65 199
1331674633 -149 530 314 -224 -90 990 41 -28 46 129 -69 154
1331674633 -156 541 304 -218 -42 1106 64 -13 36 216 -13 105
1331674633 -156 541 304 -246 -53 1093 71 -16 27 247 -17 89
1331674633 -156 552 298 -268 -70 1069 63 -10 23 212 6 47
1331674634 -161 547 301 -282 -76 1067 47 -4 12 166 17 24
1331674634 -161 547 301 -301 -75 1013 38 -10 19 114 3 36
1331674634 -170 539 303 -405 -104 973 -5 -8 18 -55 11 50
1331674634 -170 539 303 -609 -30 1065 -82 -10 20 -348 -7 59
1331674634 -166 551 294 -948 101 1167 -187 17 13 -780 109 20
1331674634 -156 563 296 -1302 -82 1082 -347 61 15 -1440 284 32
1331674634 -156 563 296 -1537 -248 1053 -478 32 -13 -1997 160 -83
1331674634 -94 576 301 -1532 -569 696 -697 44 36 -2276 210 116
1331674634 -94 576 301 -1308 -1344 368 -834 79 112 -2235 349 432
1331674634 12 519 256 -845 -1687 889 -795 -5 138 -2234 6 555
1331674634 48 430 274 -845 -1687 889 -743 11 178 -2234 79 713
1331674634 48 430 274 -949 -1899 773 -645 -54 159 -2228 -185 641
1331674634 16 360 474 -949 -1899 773 -512 22 128 -2125 115 503
1331674634 16 360 474 -159 -1156 1664 -379 91 -116 -1584 409 -513
1331674634 45 193 366 -169 -923 757 -243 -58 -130 -1018 -182 -560
1331674634 -55 171 302 -52 -569 593 -130 -209 -100 -567 -777 -443
1331674634 -55 171 302 -52 -569 593 -57 -178 -78 -275 -662 -350
1331674634 -49 129 264 -284 7 889 -3 -94 -11 -48 -333 -80
1331674634 -49 129 264 -440 32 876 34 -81 11 94 -277 13
1331674634 -35 117 246 -574 21 841 51 -46 37 170 -144 114
1331674634 -32 116 246 -499 228 928 60 -20 53 206 -44 187
1331674634 -23 134 249 -584 288 950 36 -2 50 122 28 177
1331674634 -23 134 249 -501 141 905 10 -3 44 4 28 141
1331674634 -24 140 256 -557 195 988 -11 6 34 -83 64 102
1331674634 -24 140 256 -509 232 957 -17 5 29 -95 55 94
1331674635 -40 141 261 -408 143 932 3 -21 16 -24 -40 27
1331674635 -40 141 261 -382 150 977 21 -3 15 44 30 27
1331674635 -52 136 269 -389 217 974 33 6 29 97 66 78
1331674635 -52 149 265 -403 137 893 66 -20 26 227 -39 70
1331674635 -52 149 265 -352 51 1028 86 -32 -9 308 -85 -66
1331674635 -43 148 274 -206 -461 1612 232 -42 -63 887 -112 -282
1331674635 -43 148 274 -206 -461 1612 354 75 -68 1368 364 -299
1331674635 -1 135 257 -873 -781 1688 458 307 -52 1763 1322 -255
1331674635 31 139 284 -741 -1165 1137 614 314 -87 1768 1357 -385
1331674635 31 139 284 -748 -1296 1029 714 266 -125 1769 1146 -514
1331674635 47 236 305 -921 -1167 642 764 190 -94 1767 830 -409
1331674635 47 236 305 -958 -715 447 784 89 -16 1771 399 -91
1331674635 46 351 303 -1141 -738 624 713 -90 -8 1769 -309 -72
1331674635 40 441 310 -1318 -1043 1042 625 -107 -21 1766 -381 -135
1331674635 40 441 310 -1318 -1043 1042 558 -14 -6 1767 -15 -56
1331674635 -5 506 311 -1318 -1043 1042 469 49 -17 1766 246 -118
1331674635 -5 506 311 -1286 -144 925 334 19 -20 1313 119 -122
1331674635 -69 509 314 -1116 257 623 303 -55 -11 1188 -182 -69
1331674635 -88 506 322 -1078 -2 653 162 -92 -47 602 -309 -238
1331674635 -88 506 322 -1157 24 865 82 -47 -46 305 -152 -235
1331674635 -78 487 325 -845 122 869 26 -33 -4 70 -93 -56
1331674635 -78 487 325 -701 93 798 11 -21 40 10 -43 128
1331674635 -78 484 332 -661 51 818 4 -10 48 -18 -3 166
1331674635 -81 493 324 -549 21 877 13 -11 49 25 -3 170
1331674635 -81 493 324 -536 15 908 31 -17 33 81 -24 95
1331674636 -76 494 325 -596 61 1004 6 9 34 -2 68 118
1331674636 -76 494 325 -700 78 944 -44 29 48 -212 153 166
1331674636 -82 503 319 -890 160 1005 -126 43 49 -546 218 176
1331674636 -98 510 315 -890 160 1005 -261 58 44 -1078 266 143
1331674636 -98 510 315 -1448 260 1032 -434 68 15 -1819 315 11
1331674636 -75 521 313 -1569 158 981 -575 45 9 -2229 227 -5
1331674636 -26 492 325 -1561 -1063 589 -689 -27 57 -2235 -69 199
1331674636 -26 492 325 -1371 -960 491 -692 -55 148 -2237 -186 580
1331674636 49 423 294 -1270 -782 541 -647 -33 135 -2232 -90 524
1331674636 49 423 294 -929 -1141 839 -598 8 138 -2208 78 536
1331674636 43 369 311 -821 -1099 937 -521 -16 60 -2161 -24 221
1331674636 34 293 375 -273 -1133 835 -432 -56 35 -1806 -185 109
1331674636 34 293 375 -107 -1448 788 -303 -105 52 -1235 -385 187
1331674636 -9 214 336 -229 -727 1151 -225 -69 5 -940 -226 -18
1331674636 -45 208 314 -352 -588 1070 -195 -43 -2 -828 -114 -54
1331674636 -45 208 314 -227 -837 1049 -114 -56 -12 -486 -185 -79
1331674636 -62 201 312 -278 -254 830 -73 -123 5 -327 -449 -24
1331674636 -62 201 312 -170 -196 1044 -7 -124 0 -69 -448 -47
1331674636 -40 193 298 -213 -159 1264 63 -41 -9 221 -132 -65
1331674636 -40 193 298 -409 -79 1045 85 -39 -9 312 -115 -85
1331674636 -35 189 295 -475 -18 931 70 -35 2 244 -95 -25
1331674636 -17 182 283 -464 46 953 47 -15 13 151 -18 13
1331674636 -17 182 283 -449 81 978 42 -20 10 123 -30 13
1331674636 -23 189 292 -352 15 1012 32 -17 14 98 -29 13
1331674637 -23 189 292 -352 15 1012 26 -26 11 70 -60 6
1331674637 -18 196 282 -438 -19 965 24 -11 15 59 -7 22
1331674637 -18 196 282 -438 -19 965 22 -13 16 54 -11 26
1331674637 -21 189 283 -402 0 930 27 -28 20 68 -67 31
1331674637 -15 186 283 -414 22 959 28 -26 14 70 -59 12
1331674637 -15 186 283 -388 13 974 28 -20 13 79 -38 10
1331674637 -21 188 284 -400 35 988 23 -15 9 61 -20 2
1331674637 -22 178 292 -400 35 988 19 -7 13 43 12 10
1331674637 -22 178 292 -402 39 951 15 -3 16 23 28 44
1331674637 -22 183 283 -400 41 960 8 -4 24 7 21 74
1331674637 -22 183 283 -352 14 973 20 -3 24 58 19 69
1331674637 -41 180 287 -159 -231 1243 93 10 22 339 79 56
1331674637 -41 180 287 -69 -462 1438 188 68 46 724 307 160
1331674637 -34 182 288 -234 -1100 1510 386 202 101 1522 862 385
1331674637 -31 199 315 -348 -1448 1534 580 314 120 1762 1346 466
1331674637 -31 199 315 -390 -1722 1494 776 279 220 1755 1174 917
1331674637 -52 286 397 -836 -2047 -45 913 -47 244 1763 -158 997
1331674637 -52 286 397 -1164 -2047 447 906 -209 234 1763 -808 960
1331674637 -75 414 348 -1606 -1540 -183 764 -453 17 1788 -1770 17
1331674637 -47 488 331 -1590 -738 1094 570 -305 -101 1767 -1171 -453
1331674637 -29 496 321 -1288 -404 1054 449 -193 -23 1762 -721 -147
1331674637 -29 496 321 -1244 -41 927 367 -73 -34 1448 -255 -163
1331674637 -40 505 314 -1117 -169 828 315 -58 -19 1240 -191 -127
1331674637 -40 505 314 -1165 -59 934 265 -19 -29 1021 -25 -173
1331674637 -62 496 319 -1115 77 848 178 -8 -64 677 13 -284
1331674638 -74 474 333 -1169 185 729 117 -44 -66 436 -136 -279
1331674638 -74 474 333 -1009 133 709 50 -38 2 159 -110 -32
1331674638 -71 463 335 -1029 199 736 -12 -32 31 -82 -88 89
1331674638 -71 463 335 -973 174 837 -49 -37 51 -232 -105 170
1331674638 -65 469 333 -745 116 979 -63 -24 50 -288 -60 182
1331674638 -65 469 333 -630 46 1022 -47 -2 45 -219 26 154
1331674638 -50 479 326 -325 23 930 -7 -4 35 -63 27 107
1331674638 -53 487 317 -307 92 912 14 -30 19 18 -74 42
1331674638 -53 487 317 -373 83 933 18 -30 5 33 -77 -26
1331674638 -49 492 316 -617 204 988 -28 -7 -16 -152 18 -104
1331674638 -49 492 316 -753 201 940 -55 1 3 -260 50 -13
1331674638 -49 471 323 -753 201 940 -79 5 25 -349 59 76
1331674638 -54 474 326 -557 171 877 -105 2 20 -442 40 43
1331674638 -54 474 326 -444 183 875 -119 -3 16 -512 30 29
1331674638 -46 472 326 -339 105 830 -106 -22 15 -468 -42 16
1331674638 -46 472 326 -332 311 817 -130 -6 21 -537 6 71
1331674638 -34 468 329 -313 275 720 -148 -28 53 -613 -84 191
1331674638 -34 468 329 -372 269 816 -165 -51 69 -696 -158 254
1331674638 -24 459 331 -345 284 964 -154 -46 60 -652 -139 210
1331674638 1 459 323 -228 94 1070 -96 7 51 -422 70 175
1331674638 1 459 323 -188 216 1024 -107 12 54 -465 93 183
1331674638 4 453 320 -185 295 1031 -105 -14 22 -463 -10 65
1331674638 19 439 319 -359 466 1080 -137 -24 -9 -574 -62 -68
1331674638 19 439 319 -346 356 921 -146 -17 37 -614 -37 110
1331674638 23 415 324 -333 448 782 -171 -2 112 -709 28 433
1331674639 23 415 324 -348 111 1144 -208 -59 117 -854 -206 470
1331674639 39 414 311 -229 -26 1156 -245 -50 123 -1013 -162 477
1331674639 51 408 293 -166 -6 1136 -223 19 112 -924 114 428
1331674639 51 408 293 -141 198 1136 -204 75 74 -836 333 269
1331674639 32 399 302 77 95 1097 -136 60 36 -592 291 86
1331674639 32 399 302 204 -40 829 -81 3 38 -357 53 118
1331674639 20 400 323 237 -344 1099 -86 -60 2 -376 -194 -17
1331674639 30 385 338 424 -435 914 -40 -67 13 -199 -220 19
1331674639 30 385 338 23 -170 1062 -46 -29 12 -227 -70 7
1331674639 45 366 346 152 -158 941 -39 -27 22 -182 -71 64
1331674639 45 366 346 128 -185 914 -8 -25 36 -62 -63 114
1331674639 49 359 361 27 -49 1120 11 -10 1 7 3 -31
1331674639 48 348 368 -54 -73 1021 13 -1 -12 30 28 -77
1331674639 48 348 368 4 -86 871 31 -16 2 82 -18 -34
1331674639 48 335 372 20 -143 1003 28 -17 -21 74 -26 -117
1331674639 48 335 372 -5 -166 1006 6 -18 -14 -1 -41 -77
1331674639 44 306 376 30 -116 968 -6 -58 9 -70 -184 -11
1331674639 57 291 375 38 -165 939 -31 -66 20 -170 -213 43
1331674639 57 291 375 0 -29 1118 -28 -49 24 -142 -156 59
1331674639 67 284 367 -1 29 1108 -22 -29 22 -127 -67 54
1331674639 66 270 368 21 55 1104 -1 -31 17 -40 -80 33
1331674639 66 270 368 21 55 1104 14 -20 10 29 -49 21
1331674639 66 259 361 5 35 1024 32 -44 8 90 -135 -10
1331674639 66 259 361 -37 -90 1025 36 -31 9 118 -93 1
1331674639 78 253 358 -53 -141 1040 43 -28 6 132 -68 -11
1331674640 73 243 355 -69 -145 1041 37 -27 3 117 -72 -9
1331674640 73 243 355 -77 -100 994 36 -33 12 104 -87 12
1331674640 79 244 351 -89 -25 972 40 -30 20 120 -75 37
1331674640 79 244 351 -80 -13 1062 39 -19 13 127 -40 17
1331674640 80 244 351 -80 -9 1079 42 -21 8 128 -41 17
1331674640 80 247 358 -88 17 1047 35 -20 10 101 -32 4
1331674640 80 247 358 -110 50 1067 28 -23 2 74 -49 -30
1331674640 87 240 349 -105 26 1048 22 -22 9 56 -50 -4
1331674640 87 240 349 -97 71 1030 19 -14 10 50 -23 13
1331674640 74 235 341 -97 71 1030 23 -15 18 54 -21 32
1331674640 74 240 337 -89 47 1053 24 -14 14 59 -14 28
1331674640 74 240 337 -91 65 1032 29 -18 13 82 -32 6
1331674640 69 230 327 -91 88 1057 31 -26 -2 90 -67 -46
1331674640 69 230 327 -106 117 1061 27 -13 -4 80 -14 -56
1331674640 63 229 318 -80 176 1028 22 -2 -1 66 28 -30
1331674640 61 232 316 -82 207 989 29 -11 4 77 3 -18
1331674640 61 232 316 -51 115 1008 19 8 0 33 80 -39
1331674640 53 222 312 -30 58 1060 12 13 11 6 98 8
1331674640 53 222 312 -30 58 1060 16 25 42 36 130 142
1331674640 36 224 316 312 -748 892 32 -62 68 93 -204 242
1331674640 36 224 316 542 -1099 1113 58 -117 98 212 -441 385
1331674640 41 236 325 488 -1924 1648 94 -23 23 335 -40 55
1331674640 73 269 358 42 -1495 1622 168 37 -26 634 191 -139
1331674640 73 269 358 -222 -804 537 241 -7 62 949 2 220
1331674640 48 336 308 -664 -588 415 252 -38 110 983 -115 421
1331674641 48 336 308 -952 -202 1106 223 8 84 862 72 315
1331674641 63 380 303 -808 653 1174 190 -25 10 728 -57 10
1331674641 38 432 304 -662 857 845 174 -30 14 659 -78 21
1331674641 38 432 304 -417 669 1009 145 -27 1 548 -69 -21
1331674641 23 447 300 -268 452 961 113 -23 -10 411 -42 -80
1331674641 23 447 300 -227 274 976 73 -24 -12 252 -54 -92
1331674641 21 459 304 -105 201 923 37 -37 6 110 -106 -7
1331674641 25 443 303 -82 201 1000 21 -40 -20 53 -118 -112
1331674641 25 443 303 -82 201 1000 22 28 -20 55 153 -112
1331674641 32 442 301 -45 282 1038 28 -39 -15 75 -118 -101
1331674641 28 429 302 -120 148 1152 25 -35 -9 60 -92 -88
1331674641 28 429 302 -130 162 1177 16 -16 -18 25 -22 -114
1331674641 35 423 300 -134 187 1068 6 -6 -15 -12 15 -99
1331674641 39 404 300 -101 131 998 -6 -27 -15 -51 -76 -83
1331674641 39 404 300 -96 96 1022 0 -29 2 -44 -70 -28
1331674641 37 397 309 -30 120 980 15 -9 32 26 8 96
1331674641 37 397 309 -76 115 1057 18 -19 24 30 -32 74
1331674641 33 395 306 -101 261 1078 25 -4 17 69 18 38
1331674641 33 395 306 -36 186 952 34 -4 43 109 22 136
1331674641 33 394 312 14 106 910 35 -37 37 100 -101 119
1331674641 33 394 312 8 107 953 31 -41 32 75 -111 90
1331674641 39 400 310 142 81 971 47 -8 38 153 9 121
1331674641 42 411 310 122 -45 1012 23 -15 31 71 -31 100
1331674641 42 411 310 109 -107 1137 29 -8 -2 85 6 -34
1331674641 29 416 306 131 -26 1049 56 -7 -13 191 15 -101
1331674642 37 409 310 160 -59 825 92 -26 9 333 -63 0
1331674642 37 409 310 42 0 854 108 -68 23 412 -242 70
1331674642 43 415 306 -11 -100 1150 100 -62 6 367 -208 -11
1331674642 43 415 306 54 -132 1072 102 -15 18 366 -11 42
1331674642 45 427 298 -118 -15 1099 124 3 25 459 59 72
1331674642 43 446 308 -69 119 1074 118 -32 20 438 -86 41
1331674642 43 446 308 -75 193 1041 150 -69 -6 566 -227 -74
1331674642 24 456 306 -159 210 1126 137 -72 -13 504 -233 -89
1331674642 24 456 306 -165 160 1136 112 -14 -37 425 -20 -186
1331674642 38 465 300 -165 192 1104 91 -28 -29 329 -65 -161
1331674642 38 465 300 -117 159 954 79 -48 -11 281 -151 -85
1331674642 24 456 303 -116 141 991 73 -32 -15 256 -85 -97
1331674642 31 462 306 -180 242 1000 53 -30 -41 172 -73 -199
1331674642 31 462 306 -312 -5 707 54 -35 12 175 -94 16
1331674642 37 454 308 -217 257 1093 70 -35 22 241 -95 42
1331674642 37 454 308 -184 281 1025 55 -21 16 175 -35 20
1331674642 37 456 299 -210 247 957 52 -20 19 189 -48 57
1331674642 34 462 308 -221 242 1039 63 -21 11 210 -38 10
1331674642 34 462 308 -196 239 1037 58 -20 7 197 -37 -20
1331674642 35 459 305 -186 185 954 60 -25 3 205 -55 -27
1331674642 35 459 305 -186 185 954 65 -28 7 212 -61 -16
1331674642 28 461 307 -240 269 977 47 -22 -9 156 -53 -59
1331674642 30 455 309 -273 253 945 33 -20 9 102 -42 -4
1331674642 24 453 307 -324 313 985 33 -14 18 99 -13 34
1331674643 24 453 307 -324 313 985 26 -14 19 61 -6 36
1331674643 33 460 311 -440 391 918 2 -12 28 -29 -10 93
1331674643 33 460 311 -475 451 937 -17 3 40 -101 57 122
1331674643 27 453 312 -423 408 917 -5 10 61 -51 71 210
1331674643 22 476 312 -374 338 926 7 9 58 -11 77 208
1331674643 22 476 312 -374 338 926 9 4 34 5 56 99
1331674643 21 470 311 -230 215 910 16 -9 19 28 0 43
1331674643 21 470 311 -186 161 927 13 -24 18 18 -52 37
1331674643 24 475 306 -96 93 1035 -4 -21 16 -46 -47 40
1331674643 27 463 299 7 109 1035 -1 -49 1 -31 -159 -30
1331674643 27 463 299 117 65 1001 3 -72 3 -30 -238 -30
1331674643 35 455 300 153 6 924 44 -88 12 147 -315 23
1331674643 35 455 300 52 97 1097 54 -66 4 176 -216 -20
1331674643 48 460 293 174 227 1117 58 -36 -3 191 -100 -34
1331674643 51 464 284 -81 182 997 48 -13 8 150 -6 -5
1331674643 51 464 284 -244 149 1024 51 -2 18 182 22 42
1331674643 37 465 285 -190 173 1054 55 38 19 184 189 33
1331674643 37 465 285 -222 158 1060 53 57 3 175 268 -18
1331674643 20 459 292 -137 154 981 39 71 1 129 319 -32
1331674643 20 459 292 -28 186 997 50 133 -7 167 567 -65
1331674643 -3 455 311 282 283 774 64 106 40 221 462 133
1331674643 -37 461 309 -166 369 1041 -109 31 45 -453 149 162
1331674643 -37 461 309 -310 475 995 -244 -26 -8 -1016 -59 -70
1331674643 -13 453 316 -732 228 1469 -335 29 -67 -1400 173 -292
1331674643 -13 453 316 -689 278 1349 -421 18 -53 -1758 119 -244
1331674644 -11 401 326 -456 -40 1131 -517 -107 -157 -2147 -375 -672
1331674644 -18 299 344 -373 -623 900 -558 -248 -116 -2235 -931 -513
1331674644 -18 299 344 6 -704 935 -561 -315 28 -2212 -1219 79
1331674644 -18 180 333 -55 -715 1270 -526 -127 84 -2167 -465 311
1331674644 -69 157 301 -266 -493 879 -466 -75 48 -1966 -255 174
1331674644 -69 157 301 -144 -754 994 -423 122 -62 -1763 523 -267
1331674644 -174 176 294 -118 -191 1285 -318 14 -138 -1327 110 -597
1331674644 -254 190 254 -33 -240 1380 -254 96 -102 -1066 436 -440
1331674644 -254 190 254 -219 27 927 -289 -11 -86 -1198 -2 -384
1331674644 -315 225 229 -38 -209 939 -272 -40 -85 -1131 -109 -379
1331674644 -315 225 229 -38 -209 939 -322 -46 -37 -1334 -136 -204
1331674644 -338 290 219 -79 -2 1021 -309 -149 -74 -1272 -555 -311
1331674644 -343 354 235 381 -471 1209 -241 -44 -70 -1010 -125 -312
1331674644 -343 354 235 279 -239 1198 -209 35 -145 -881 186 -610
1331674644 -355 385 216 323 4 907 -145 -94 -120 -608 -334 -496
1331674644 -355 385 216 461 108 637 -106 -139 -42 -458 -511 -217
1331674644 -341 407 244 132 -133 958 -113 -66 -27 -501 -211 -155
1331674644 -320 424 262 -2 -184 816 -152 -35 9 -655 -87 -2
1331674644 -320 424 262 126 19 1202 -188 -84 -70 -791 -283 -307
1331674644 -302 457 270 117 -56 1087 -166 -85 -49 -708 -288 -252
1331674644 -302 457 270 -261 78 1169 -180 -19 -25 -767 -21 -159
1331674644 -276 481 278 163 138 948 -164 -14 -11 -697 -17 -73
1331674644 -257 506 281 456 -64 845 -135 -46 15 -571 -141 24
1331674644 -257 506 281 412 -38 1042 -110 -28 -15 -476 -71 -97
1331674644 -229 533 279 146 53 971 -91 -33 -21 -406 -80 -123
1331674645 -229 533 279 457 -1 901 -39 -37 12 -191 -105 2
1331674645 -206 534 291 270 83 1024 -21 -45 2 -130 -131 -26
1331674645 -206 534 291 270 83 1024 -5 -32 8 -55 -88 -12
1331674645 -198 529 301 201 205 981 8 -39 28 0 -116 92
1331674645 -191 541 297 163 165 960 5 -30 17 2 -91 46
1331674645 -191 541 297 349 114 1012 33 -10 23 98 0 49
1331674645 -183 543 296 296 33 806 60 -6 55 202 18 190
1331674645 -190 560 293 283 42 895 73 -4 50 258 23 178
1331674645 -190 560 293 253 85 1001 78 -20 44 271 -35 151
1331674645 -200 555 286 145 18 905 70 -29 61 246 -72 224
1331674645 -200 555 286 133 30 1127 57 -23 39 206 -59 133
1331674645 -206 576 280 119 35 1057 35 -17 30 116 -31 86
1331674645 -198 567 274 96 49 1029 29 -24 25 75 -51 67
1331674645 -198 567 274 96 49 1029 14 -18 9 14 -21 -11
1331674645 -206 561 269 142 27 1028 5 -8 7 -21 17 -16
1331674645 -205 572 278 205 37 992 11 -15 12 8 -22 15
1331674645 -205 572 278 259 -9 1029 33 -12 10 90 1 -1
1331674645 -199 568 277 299 -7 952 53 -5 20 177 19 45
1331674645 -199 568 277 294 -3 930 79 -8 31 276 17 89
1331674645 -215 566 273 405 -5 958 147 -8 63 553 13 243
1331674645 -233 572 267 582 -55 889 222 -2 118 876 14 463
1331674645 -233 572 267 567 -133 859 325 12 184 1277 86 738
1331674645 -284 561 232 622 -350 749 415 9 228 1653 72 926
1331674645 -284 561 232 580 -360 930 494 -78 229 1763 -277 943
1331674645 -340 509 197 237 -972 948 562 -171 219 1761 -650 888
1331674646 -352 421 222 320 -1008 925 628 -176 178 1763 -670 717
1331674646 -352 421 222 -48 -907 826 739 -329 -91 1767 -1301 -409
1331674646 -300 283 259 -351 -617 971 594 -80 -106 1770 -268 -460
1331674646 -300 283 259 283 -628 1052 513 2 -6 1765 42 -57
1331674646 -219 161 251 363 -978 777 389 363 268 1555 1532 1099
1331674646 -108 168 283 -933 594 1902 410 -213 105 1629 -819 402
1331674646 -108 168 283 -96 -259 1040 359 -126 96 1422 -473 363
1331674646 -5 206 279 282 -797 364 455 -294 154 1763 -1178 622
1331674646 -5 206 279 140 -616 690 458 -107 187 1763 -403 764
1331674646 48 316 299 -624 -637 1092 450 -74 74 1720 -256 271
1331674646 48 316 299 -605 -595 1394 429 26 4 1696 156 -31
1331674646 68 426 283 -69 -472 1298 409 -14 -66 1618 -12 -272
1331674646 25 487 288 207 -508 931 441 14 -110 1733 111 -472
1331674646 25 487 288 820 -123 1140 556 35 -106 1770 195 -459
1331674646 -27 505 302 659 -471 1829 548 102 -13 1723 458 -89
1331674646 -27 505 302 119 -547 926 520 195 38 1770 841 132
1331674646 -108 501 315 441 -215 737 516 98 130 1763 422 527
1331674646 -201 491 300 425 -169 613 475 -110 161 1761 -404 642
1331674646 -201 491 300 422 -157 990 449 -18 106 1762 -33 404
1331674646 -230 479 297 232 -354 701 428 -31 124 1702 -91 488
1331674646 -230 479 297 84 -267 897 404 -87 138 1612 -319 561
1331674646 -261 447 299 -110 -91 1004 329 -83 150 1304 -298 595
1331674646 -251 439 302 -281 -375 923 316 -55 165 1246 -185 656
1331674646 -251 439 302 -168 -360 890 319 -139 152 1261 -524 617
1331674647 -244 437 304 -566 -33 1149 245 -88 113 957 -314 439
1331674647 -244 437 304 -117 -252 1461 283 -142 101 1112 -531 378
1331674647 -232 435 312 -197 -385 1028 161 -494 24 603 -1764 55
1331674647 -226 425 315 -197 -431 1383 193 -62 4 750 -210 -14
1331674647 -226 425 315 -177 -332 1022 183 -101 11 705 -367 10
1331674647 -199 406 326 -326 -379 936 147 -62 -17 562 -211 -101
1331674647 -191 375 337 -215 -448 829 145 -97 0 537 -341 -40
1331674647 -191 375 337 -249 -453 836 189 -156 -12 720 -579 -89
1331674647 -162 371 337 -443 -524 1025 203 -98 -45 779 -345 -225
1331674647 -162 371 337 -533 -466 1190 201 -52 -43 769 -162 -230
1331674647 -140 335 345 -502 -336 550 178 -86 38 680 -301 108
1331674647 -117 334 347 -413 -170 768 166 -107 65 632 -387 227
1331674647 -117 334 347 -464 -224 1005 131 -53 41 502 -181 153
1331674647 -92 343 343 -526 -224 1037 54 -37 19 184 -110 48
1331674647 -92 343 343 -546 -166 1032 -17 -41 0 -113 -114 -37
1331674647 -92 352 346 -534 -223 972 -92 -15 -3 -406 -14 -51
1331674647 -92 336 346 -605 -287 924 -163 -11 -4 -682 -5 -56
1331674647 -92 336 346 -686 -263 816 -225 -10 27 -933 -1 76
1331674647 -100 340 345 -901 -272 987 -348 -3 15 -1454 39 22
1331674647 -100 340 345 -1052 -375 836 -423 -9 28 -1788 17 69
1331674647 -120 343 345 -1124 -447 725 -478 -37 64 -1988 -117 239
1331674647 -134 360 350 -921 -237 933 -510 -32 3 -2112 -92 -24
1331674647 -134 360 350 -921 -237 933 -497 -74 138 -2079 -252 538
1331674647 -140 391 346 -444 -335 866 -347 70 35 -1438 316 108
1331674647 -140 391 346 -421 -52 1308 -335 113 -111 -1377 488 -471
1331674648 -161 402 346 -434 -3 1328 -381 -29 -135 -1585 -65 -574
1331674648 -161 402 346 -169 11 345 -390 -182 -25 -1631 -673 -156
1331674648 -161 386 348 99 142 660 -385 -287 25 -1609 -1096 56
1331674648 -82 399 347 99 142 660 -389 -394 97 -1598 -1545 376
1331674648 -82 399 347 -128 115 461 -406 -346 253 -1663 -1360 1036
1331674648 30 404 305 -121 -332 1134 -292 -301 261 -1196 -1170 1067
1331674648 30 404 305 -159 -261 1331 -141 -195 212 -592 -739 868
1331674648 92 409 247 -297 76 1485 -89 -40 174 -381 -126 696
1331674648 92 409 247 -334 196 1375 -63 99 94 -278 421 364
1331674648 113 415 212 -446 62 1378 -27 118 -2 -142 508 -32
1331674648 100 412 242 -256 109 962 -37 84 14 -175 366 30
1331674648 100 412 242 -203 59 915 -33 13 12 -162 95 20
1331674648 72 405 258 -124 68 885 -23 -75 57 -127 -263 205
1331674648 86 389 266 -146 77 937 -8 -55 72 -69 -177 263
1331674648 86 389 266 -134 55 1017 0 -16 40 -60 -12 105
1331674648 90 407 259 -198 15 1049 21 30 19 65 145 53
1331674648 90 407 259 -231 -65 1028 29 18 16 82 109 23
1331674648 76 413 266 -125 -69 998 37 2 27 105 54 78
1331674648 70 404 277 -101 -113 980 32 6 21 106 55 64
1331674648 63 423 282 -80 -93 977 37 5 9 119 54 10
1331674648 63 423 282 -96 -73 1069 47 12 -3 153 86 -58
1331674648 54 418 286 -78 -72 1021 52 -22 -6 163 -38 -61
1331674648 54 418 286 -75 -112 1022 44 -47 16 140 -146 25
1331674648 56 422 285 -178 -94 1053 25 -33 14 76 -102 31
1331674648 59 416 288 -60 -100 971 12 -19 28 8 -31 80
1331674649 59 416 288 -40 -75 989 10 12 23 6 91 59
1331674649 55 419 291 -86 -262 1270 -23 39 5 -135 203 -22
1331674649 55 419 291 233 -291 1198 -8 116 28 -63 496 93
1331674649 42 398 297 405 -146 950 26 148 100 84 612 388
1331674649 4 415 311 658 -327 785 93 134 173 350 562 693
1331674649 4 415 311 725 -399 954 148 84 167 559 374 664
1331674649 -25 455 318 656 -402 1029 158 48 120 612 219 469
1331674649 -25 455 318 528 -157 1167 183 -29 -18 698 -77 -110
1331674649 -55 492 326 384 -152 1121 161 -89 -107 614 -314 -439
1331674649 -55 492 326 384 -152 1121 128 -103 -130 481 -368 -558
1331674649 -61 481 334 -153 38 889 80 -162 -171 273 -591 -741
1331674649 -39 446 341 -103 31 701 101 -187 -149 352 -689 -651
1331674649 -39 446 341 -4 468 518 132 -150 -39 499 -561 -194
1331674649 -6 394 318 -536 384 555 18 -112 15 37 -400 25
1331674649 -6 394 318 -550 289 647 -16 -118 77 -95 -433 286
1331674649 11 396 311 43 472 852 53 -98 109 177 -354 412
1331674649 29 420 288 43 472 852 7 -80 111 -6 -279 426
1331674649 29 420 288 43 472 852 24 -79 107 74 -275 431
1331674649 31 442 279 70 166 1090 19 170 -53 41 724 -252
1331674649 24 446 267 -64 105 1092 64 -76 -76 205 -230 -335
1331674649 24 446 267 -126 165 1069 16 -76 -34 23 -261 -173
1331674649 26 430 276 -96 131 418 26 25 65 68 142 245
1331674649 11 440 266 79 82 208 50 55 194 181 242 782
1331674649 11 440 266 63 18 134 44 138 333 167 566 1390
1331674650 -21 504 267 157 -352 2044 100 63 -116 366 303 -495
1331674650 -21 504 267 -393 -111 -140 27 -11 72 71 -11 255
1331674650 -23 507 258 -153 -360 704 24 9 -1 61 70 -28
1331674650 -22 514 267 -93 -163 1037 30 -39 16 83 -115 38
1331674650 -22 514 267 -116 -226 1040 32 -33 13 97 -93 16
1331674650 -20 510 261 -104 -179 957 20 -19 16 38 -28 28
1331674650 -20 510 261 -104 -179 957 32 -20 16 89 -38 24
1331674650 -18 508 254 -93 -207 1021 31 -22 16 87 -50 39
1331674650 -19 509 259 -114 -209 1021 31 -19 13 90 -36 29
1331674650 -19 509 259 -103 -204 1021 31 -20 17 97 -44 36
1331674650 -14 510 262 -115 -201 1013 29 -18 16 85 -32 30
1331674650 -14 510 262 -111 -206 1021 30 -19 15 89 -34 29
1331674650 -16 512 257 -110 -204 1008 31 -21 11 90 -41 23
1331674650 -14 502 267 -115 -204 1012 31 -20 12 94 -42 31
1331674650 -14 502 267 -105 -206 1016 31 -19 13 90 -37 31
1331674650 -2 514 257 -109 -204 1012 30 -20 16 86 -37 28
1331674650 -13 503 262 -109 -204 1012 33 -22 18 92 -44 30
1331674650 -13 503 262 -111 -202 1017 28 -17 15 86 -35 30
1331674650 -19 508 266 -111 -204 1008 30 -18 15 90 -40 34
1331674650 -19 508 266 -105 -204 1012 32 -20 19 94 -38 32
1331674650 -8 514 256 -108 -202 1013 31 -20 17 87 -36 31
1331674650 -10 510 255 -115 -202 1012 33 -22 16 94 -46 35
1331674650 -10 510 255 -111 -199 1012 31 -20 14 91 -38 26
1331674650 -14 515 260 -107 -204 1012 31 -21 19 92 -40 31
1331674650 -14 515 260 -108 -202 1013 30 -19 20 88 -41 33
1331674651 -17 509 262 -111 -204 1021 28 -19 10 87 -45 22
